44.107200 33.431115 69.382045 27.335973 40.810249 42.083677 31.074703 35.992545 58.057617 
0.270744 12.756625 26.238209 -10.243850 3.931640 -1.651255 15.248446 -35.997066 -2.942383 
30.687220 0.762143 37.551273 32.034956 34.045907 46.789327 37.700700 0.090118 25.057617 
-3.129700 -17.280106 -24.456364 -0.266321 34.964077 -57.571923 -30.868083 31.937706 -0.942383 
50.985855 66.866804 38.853588 32.381133 11.428030 68.703576 48.820499 60.773379 -22.942383 
-15.541214 10.220887 -22.133443 7.060419 6.663793 0.849514 -5.155201 -2.261023 -34.942383 
30.063564 38.428249 64.397591 36.829914 41.280571 34.644525 41.125751 23.908575 26.057617 
-16.733156 -55.013109 -8.424986 -21.946276 -31.682741 9.674172 10.211540 -6.957127 16.057617 
12.977923 58.784923 14.846275 38.274426 47.832829 36.974827 55.637019 50.517739 41.057617 
15.892586 22.080087 -30.912207 -1.108849 -33.492420 -21.655767 -1.066993 23.195884 -20.942383 
79.974975 30.028683 72.805446 63.274028 33.857639 61.166422 42.876313 56.691350 28.057617 
-13.218547 -13.831145 -19.531070 -49.482773 -3.652428 -18.718175 10.947804 -20.630839 -17.942383 
79.826596 25.910870 35.286597 30.889794 48.820945 28.528373 6.144344 32.248198 99.057617 
9.930548 -17.021218 -38.670779 -16.434425 -13.373412 8.678149 -8.436087 -19.093620 -12.942383 
41.692458 25.706679 35.102220 55.781527 49.500537 63.595785 19.866223 43.471452 75.057617 
-8.041363 1.470982 -29.897928 10.387825 -28.935969 1.392775 -7.240464 10.021535 -15.942383 
68.358296 67.842993 72.540332 47.023747 17.940065 59.983980 10.346157 31.715235 15.057617 
8.282314 7.437548 8.175490 -19.489163 -3.526943 -22.922750 -3.805017 5.856957 -7.942383 
50.154643 34.210864 41.100618 84.962287 80.067988 37.448664 44.117729 69.991372 76.057617 
-21.284572 -6.733683 -3.299755 -1.195720 -28.970696 -8.621789 16.467975 -22.117937 -29.942383 
26.210717 42.585724 46.120934 52.442728 61.827307 21.371305 14.070862 34.029514 65.057617 
-0.830509 -32.081533 13.717000 12.345336 5.127456 2.854369 -31.973522 -47.928736 -22.942383 
99.542465 78.821905 67.008297 54.345593 79.603022 58.084989 73.318556 46.981941 36.057617 
-24.136889 -28.783221 -37.988322 23.147211 -4.126450 -10.945569 38.732983 -7.100340 60.057617 
39.604255 72.324316 17.283619 31.163323 44.821261 61.661364 58.416709 57.011000 32.057617 
22.610004 -30.462099 -22.363426 -8.330599 -28.839821 21.759014 -43.883325 17.022253 3.057617 
26.293813 28.571170 23.068742 58.448228 28.582433 51.047091 19.872945 34.571116 40.057617 
-9.542225 -21.986448 -27.486111 -24.967237 -7.597434 -24.594290 -37.790977 -2.475975 -9.942383 
72.497901 28.858473 61.196952 39.466362 31.362066 72.905033 39.655756 43.243335 65.057617 
-14.681497 -25.753927 26.753576 14.514946 -11.892637 -41.437477 -16.654313 -20.732420 -25.942383 
55.626888 31.659694 36.843134 65.223556 43.644916 19.569163 80.267177 49.610426 72.057617 
-2.432855 -9.047449 3.949652 -0.597283 -58.733660 -19.357330 0.693362 -19.197937 -23.942383 
50.032179 83.000201 21.052778 51.140285 63.784641 28.859148 13.230339 43.992980 69.057617 
-5.827444 -26.091233 19.147973 -11.001579 4.701446 15.130063 0.419349 -45.692687 16.057617 
18.403976 52.604400 78.589410 23.432509 31.559502 44.417111 51.599460 75.510119 29.057617 
-20.241999 -26.831164 -20.566344 0.515252 -38.316226 -8.744142 -30.846468 -36.120460 2.057617 
37.293460 37.504755 44.011759 35.145896 22.372325 26.169485 55.359784 50.807488 56.057617 
15.484997 -22.559221 16.679939 23.800172 14.119466 -5.063565 -31.800443 -17.886179 -50.942383 
-3.388322 62.467321 59.581380 72.699273 48.284605 44.757020 41.579920 28.252837 45.057617 
37.197201 -33.144131 -3.070424 30.704123 -39.058070 -6.034097 -16.077852 -22.937382 -13.942383 
54.068386 32.859554 10.572172 23.472733 48.006180 66.537312 8.132170 42.623247 -14.942383 
-3.492966 18.264841 11.059510 -5.402233 28.369061 2.907493 -33.149319 -11.988570 26.057617 
75.490361 43.172958 46.807428 46.077111 65.891493 61.766284 33.695039 58.568506 42.057617 
-0.037139 -15.827737 -3.233096 -14.771733 35.400486 4.143696 23.173914 -10.415587 17.057617 
17.475908 52.694307 39.935999 20.210881 34.138469 12.433458 47.294465 41.085893 50.057617 
-15.948867 -8.647806 9.205428 -29.258785 9.596722 -10.265869 -28.351931 5.940004 10.057617 
53.576293 60.866199 42.247164 43.044575 35.569536 39.599804 50.533043 14.120054 43.057617 
-5.917636 5.663318 -16.790345 -22.686206 -17.096661 -18.713382 -4.497635 -31.297516 10.057617 
34.243226 41.258606 84.109480 16.391732 37.853652 81.469268 51.886232 -3.824762 5.057617 
-18.239920 15.283399 3.029264 -0.185976 -8.975153 -10.631693 -31.376866 -3.405731 -26.942383 
63.717030 41.344096 46.629312 65.676002 53.377810 58.096038 48.192298 56.736574 52.057617 
14.251317 -14.670095 -25.808947 -10.030311 -26.300238 -11.255905 -64.347160 -26.108730 42.057617 
52.928340 36.589993 17.803592 41.256495 28.205868 22.856055 41.232209 8.300940 19.057617 
6.832058 -42.401952 -19.227366 -10.358604 -35.695407 -19.855872 1.509858 2.083454 11.057617 
39.319006 56.380325 45.872796 26.448552 51.715783 34.788672 46.564710 48.327871 45.057617 
-8.636587 4.399254 37.225617 13.266222 -12.257211 12.224284 -34.999080 8.506449 -11.942383 
46.341371 62.698859 32.628652 48.810830 55.562990 28.658213 63.840811 60.846680 20.057617 
-31.637445 -14.266902 -19.927453 1.431462 -13.565645 -0.893916 -8.571454 36.937005 -29.942383 
52.243216 36.810915 83.758850 71.797308 79.888863 55.217446 36.936931 69.153863 23.057617 
7.295006 26.192911 -0.350150 -36.752767 -44.124821 -33.540804 -51.156399 4.351215 -18.942383 
27.992035 58.075998 51.319138 60.116546 16.821847 58.133104 64.807999 37.207437 60.057617 
-19.292289 -23.972998 26.126780 -24.180373 40.645957 6.921234 20.210166 -18.470899 -12.942383 
35.674027 55.961235 43.636148 66.686977 28.768599 -13.699095 49.761208 63.249033 11.057617 
-25.787580 -5.232566 -9.012131 23.922159 -24.706193 -23.073653 -37.680140 -55.678609 3.057617 
47.041463 56.157852 26.767069 34.944016 51.724588 36.665520 29.432224 36.373488 48.057617 
-4.837195 -20.557783 -22.003404 -37.259501 -19.666749 -6.488673 -15.388619 -9.367081 -12.942383 
87.454095 40.965555 49.924183 54.830106 54.704669 33.955173 60.569492 64.522064 63.057617 
-21.882289 -13.823982 -37.555748 35.315189 -7.817649 0.658197 -17.879256 -50.603938 -0.942383 
47.548548 24.274197 37.524821 13.544090 54.243416 51.220660 38.153385 7.530540 49.057617 
23.173578 12.583051 -23.343327 -12.687629 0.191327 6.546382 -8.276561 -1.726625 -12.942383 
36.426247 45.720065 44.630913 5.131859 58.834019 19.256557 34.146189 55.633435 39.057617 
5.857566 -17.002372 -14.690239 -34.973142 -41.166731 -23.527200 -25.959133 -14.414927 26.057617 
50.038183 43.674074 43.380697 74.651213 65.703472 102.547562 31.358451 63.666091 34.057617 
10.569005 18.265836 13.907373 10.981164 12.360504 7.340416 16.395129 -10.361798 -19.942383 
100.872462 75.324371 81.318367 68.559282 40.647348 60.012282 47.918695 58.975508 37.057617 
25.273020 -3.660078 5.934873 22.712524 -40.573264 -27.437078 3.254774 5.463107 -2.942383 
43.987966 33.928977 -3.348706 57.426184 41.179753 -3.405473 64.050156 24.185997 69.057617 
16.215791 -4.998933 22.625862 -0.857106 31.386080 7.040063 16.247774 25.581262 -0.942383 
75.425860 47.305660 39.466941 72.338692 50.129729 49.485331 48.884886 30.610419 53.057617 
-38.875943 0.659814 14.227124 7.744023 -17.543340 1.225396 3.485702 4.406203 12.057617 
33.995410 33.876652 54.033721 19.585855 -7.349807 54.867736 45.884862 39.769408 14.057617 
7.212342 56.508202 2.793488 -7.467620 11.251596 6.946639 5.112548 -12.106836 30.057617 
34.721578 60.566774 59.831182 54.834296 16.440709 7.489771 56.417413 42.111355 4.057617 
-13.791723 -30.158898 18.960107 -2.569641 -47.203747 -56.825624 -24.091519 -6.337584 26.057617 
43.388677 42.835403 68.339138 43.316117 40.127510 47.901766 75.849407 42.692572 24.057617 
-14.503328 -19.060258 -1.683395 8.283500 -26.286186 20.606161 -36.138558 14.477962 9.057617 
44.476251 9.759167 42.855232 57.194685 45.943646 56.472366 33.330323 26.333310 35.057617 
10.216788 -24.476882 -7.037319 -31.127312 1.177623 -9.705131 -23.441227 -19.222643 -12.942383 
30.718503 54.242199 12.927538 38.439904 74.924856 77.791009 38.992253 36.910564 33.057617 
-3.944387 -9.219735 -24.250723 -25.406355 22.687267 19.423005 -42.278440 -23.516426 18.057617 
56.648521 52.134696 73.177775 54.971355 76.048948 66.180955 45.881835 3.518242 51.057617 
-17.669259 1.852860 39.716587 -10.592719 23.800297 -19.274804 -10.652505 12.465426 -26.942383 
46.925333 36.787557 33.204757 18.565171 34.074262 36.463546 75.515723 52.578822 49.057617 
-11.882149 12.256959 4.150352 6.336493 -6.192576 10.570858 -37.478013 13.724849 -29.942383 
24.885470 41.180837 45.925387 21.633615 15.258287 52.433868 61.295629 79.440600 29.057617 
-20.098557 -19.312481 -18.585528 26.672933 6.131610 -4.743103 -34.697465 20.872244 -27.942383 
69.294341 45.525106 68.610287 58.428704 45.416707 35.559757 14.625274 30.489091 53.057617 
-19.869666 -5.976805 -3.699109 -18.394926 0.391179 -19.314927 23.823241 -34.855915 8.057617 
112.223654 45.178604 33.817475 14.117279 64.018974 54.129434 22.609694 63.106957 10.057617 
-43.051361 6.634333 -28.640425 23.870154 2.160214 -6.341898 7.425006 2.072513 -46.942383 
46.913100 41.762016 23.580309 37.369056 18.662394 35.277480 51.980094 59.005592 45.057617 
0.781941 -4.671319 -2.286794 44.828578 -17.653739 -22.167675 -11.559988 -7.475566 -12.942383 
48.211696 97.191057 25.490127 72.979531 62.529641 29.422069 75.331092 48.103937 28.057617 
19.993915 -19.471851 25.514127 -16.682840 35.882522 21.523359 -18.285919 -29.880022 -7.942383 
37.725690 42.819378 77.394164 34.448023 20.206074 60.656127 14.445122 40.462637 6.057617 
-28.637715 37.013844 -34.888523 -11.845215 -35.363562 -28.243946 -6.478990 -15.782310 13.057617 
18.905875 49.002389 26.738402 49.445545 58.042119 49.932826 21.027329 49.308873 55.057617 
-13.760365 -12.493893 -1.593515 -6.193382 15.307196 -8.972245 -10.816079 -6.839429 12.057617 
60.222296 35.950487 47.714342 51.192139 32.897758 24.048901 57.623654 41.051623 44.057617 
-25.313407 -6.217876 -18.162221 -10.574034 20.155222 14.746921 7.115484 4.276919 -7.942383 
14.039016 50.077137 38.803011 31.921187 55.125371 57.971983 54.671199 32.469858 24.057617 
1.905674 -38.047199 -23.386344 -9.112221 15.081495 -14.286092 -44.661688 -36.791349 -33.942383 
32.101622 51.252574 59.166823 28.428885 26.605841 70.418516 32.323628 48.563157 51.057617 
-26.175926 -7.495616 25.127806 14.406984 24.467335 -13.328074 -28.813556 -64.399823 9.057617 
86.759827 30.088772 64.150489 61.921800 14.470781 41.928257 69.846354 66.962062 22.057617 
-8.507846 64.194394 -0.458040 -21.618976 -16.359098 17.001802 -8.754235 -49.896064 -21.942383 
8.339022 92.835156 15.234835 65.410675 68.817172 47.248214 20.544831 38.265031 38.057617 
-10.441533 -12.706335 -51.545771 -18.680853 -4.521001 -33.277891 -34.489544 -53.817498 -12.942383 
4.194618 65.596970 87.159777 40.239903 35.329790 27.059990 26.877122 22.399857 52.057617 
4.350981 5.487537 14.281646 -33.667086 -22.399366 -1.408928 -1.201960 -13.889546 -7.942383 
78.405341 40.950736 49.301575 15.712731 51.780064 59.242755 70.839656 51.308922 59.057617 
-24.107408 20.261456 -12.722655 -35.797723 -16.210802 0.718041 -10.613093 -9.021711 34.057617 
66.039861 48.185205 41.171293 52.000529 18.164392 57.246043 40.381827 59.399423 60.057617 
-13.171530 -4.472612 -24.663388 -23.456775 8.650807 -5.004653 -5.314947 -31.635133 0.057617 
28.088692 52.477236 30.271083 54.670882 66.645204 88.863808 102.312884 63.444002 55.057617 
22.986160 -6.236092 -37.747613 17.564548 -13.466455 6.295406 -32.964001 -0.767220 18.057617 
35.923743 38.745060 44.221261 70.388585 58.989562 29.380813 41.460299 21.288635 3.057617 
-2.500118 -23.049232 19.731500 2.784718 -1.619923 -50.616358 -27.603246 -28.772450 18.057617 
28.956121 25.948907 70.624401 49.770530 40.535391 14.699793 77.548298 55.862685 36.057617 
5.817452 12.713133 -5.433818 2.281884 -5.104319 21.648879 -4.936645 -10.344909 -38.942383 
62.129646 17.308589 55.429520 23.566613 54.562572 40.163467 57.504016 9.311810 82.057617 
-21.928592 -8.726030 -11.317158 -21.127746 -44.351570 -26.173418 -15.990412 -32.796860 0.057617 
41.238819 61.821035 -6.234861 57.014506 51.465725 60.707783 54.888596 63.594137 56.057617 
-17.964303 -5.690656 1.401054 2.190919 -20.446634 10.522688 -7.029416 -41.850604 -1.942383 
22.014547 40.642184 23.911508 17.289977 60.992916 50.249385 26.793473 10.583243 20.057617 
-21.277620 -18.988319 -47.528465 -1.400718 -21.848015 14.048304 -28.391387 -53.276315 3.057617 
17.391236 71.290440 49.221251 58.221162 39.270009 47.898057 36.561848 61.995163 2.057617 
-39.879168 -10.590418 7.462858 -11.020702 3.500542 0.826912 -13.298126 -23.586524 7.057617 
31.313017 18.021211 18.228258 79.996489 55.167233 17.058304 70.488027 62.079979 58.057617 
-54.163038 -10.857096 0.181295 -16.163253 9.958710 -26.646831 -19.894267 15.870514 -20.942383 
64.922171 28.945655 53.188543 9.708102 54.321695 32.535902 47.490776 41.835653 39.057617 
9.697497 -5.934690 24.314408 -16.934975 -20.370747 -19.210086 -45.983584 5.593674 5.057617 
76.008620 38.641882 67.701634 18.219522 62.329121 71.785246 57.144472 60.762241 35.057617 
5.085590 8.320436 -15.382847 33.288398 -46.423184 -6.446881 -7.336391 18.737077 -21.942383 
30.740858 70.584014 43.110251 83.931289 35.449782 67.796322 64.924097 42.741619 53.057617 
11.899733 -7.696060 -5.553487 25.829048 1.058496 1.211125 10.933759 45.645013 38.057617 
57.071869 34.822962 52.714850 24.004277 64.389112 70.088261 0.066062 15.048436 54.057617 
-23.215332 -5.179884 -0.794838 -30.737802 -17.317053 -15.266348 -8.878878 -29.993948 -44.942383 
30.710206 23.675607 60.785626 29.982682 10.235696 38.258424 57.364921 38.287959 64.057617 
-26.703758 5.156489 -35.763341 3.591360 4.452260 -15.247566 -7.865905 -20.700509 -16.942383 
45.671315 43.812651 56.599366 62.805070 36.770796 55.731163 68.515816 30.641837 33.057617 
4.002112 10.063188 -25.018512 -12.636356 15.331053 -4.006888 12.615212 19.371673 25.057617 
36.031570 41.864035 32.860519 46.822569 68.046684 25.731123 18.889675 31.131978 64.057617 
18.932312 -6.558414 -20.975931 18.902228 -29.807794 -6.037914 -33.986635 8.375988 7.057617 
73.525924 29.426295 95.739344 83.439758 41.961840 43.955708 25.401584 43.283778 63.057617 
20.036261 44.134949 -22.680579 13.314985 -14.171669 -1.427772 -4.901705 15.268170 -22.942383 
57.480669 14.860766 56.027117 64.427928 28.417869 33.804613 27.081594 41.376981 59.057617 
13.340509 -3.228916 -27.294988 -8.333998 -62.823354 14.475172 -31.809655 -11.692201 -14.942383 
59.549085 26.028086 35.007358 46.630033 35.683397 50.547852 8.788582 41.162466 78.057617 
14.497149 -36.433610 8.980735 -28.764484 -15.934242 5.107333 16.530781 -30.593964 -39.942383 
37.816169 44.441461 9.621422 45.257651 30.241988 35.856246 23.389064 56.234961 58.057617 
21.178431 10.802424 -17.242843 -1.179222 22.333331 5.201043 11.073613 -29.840065 0.057617 
55.417094 25.588394 53.221686 17.476587 89.299319 20.182350 59.157410 38.365798 20.057617 
-26.088120 20.918344 -18.246108 17.619098 -35.708704 -9.093293 -14.887565 18.384117 10.057617 
28.614909 52.106874 23.716002 54.890514 21.353951 21.515395 44.422836 31.692186 19.057617 
-5.595985 -8.418925 -14.101356 34.644284 -4.508064 23.763037 -27.510368 -17.461101 -9.942383 
44.720195 78.965111 22.763857 59.371098 32.710687 70.517970 44.008051 26.213888 37.057617 
10.075067 -2.163616 -37.666540 -7.177758 -9.468767 2.605054 16.158472 -3.693872 10.057617 
47.860792 42.881997 39.706274 30.811236 48.898027 69.844026 21.043676 70.097419 30.057617 
-3.766475 -0.511615 7.321055 9.961326 -31.574466 -9.490208 -30.125203 -0.127973 -5.942383 
59.626595 42.421099 66.288440 69.201771 60.764042 50.574865 58.630079 43.585987 17.057617 
-37.109621 -21.024370 1.887100 -0.897399 -15.733296 -19.513425 -6.604041 -20.372714 -30.942383 
57.173318 69.685858 52.310352 18.683715 61.165275 46.796921 68.694283 -7.203108 37.057617 
-7.672063 20.509783 8.857151 23.908720 -46.359079 -52.011533 27.391812 35.802532 -4.942383 
68.918210 69.101845 53.526959 19.211369 66.809123 47.476130 94.101249 29.537855 53.057617 
-28.318810 1.079418 1.028260 -23.986027 -35.204947 -12.980088 -49.693096 -39.226830 3.057617 
33.241548 49.885017 72.326549 78.906069 38.623041 77.667842 68.336313 54.793350 40.057617 
30.803490 25.295957 1.779877 16.674740 -12.916884 31.280918 2.924447 4.035117 -25.942383 
-0.929315 38.949696 17.544267 63.758685 46.701483 17.628452 14.211595 66.799614 24.057617 
-21.942334 11.074629 -17.673989 -14.306997 -30.985310 -6.665785 -31.703712 -32.277775 -42.942383 
66.392496 36.394202 47.260276 35.694817 67.753608 29.292119 27.323157 86.068590 -16.942383 
5.162814 -0.571541 3.062345 14.788053 -28.765162 2.826105 19.265858 -26.790690 14.057617 
43.281976 40.815889 49.233624 30.122532 59.313200 55.582997 9.718929 62.063087 -2.942383 
-6.847997 -36.348310 65.217728 -28.580899 -51.532031 -0.825465 -11.555784 -19.770450 -32.942383 
47.835755 25.606127 78.928702 3.733520 57.774353 38.162505 10.143637 62.002635 19.057617 
2.570908 -36.452094 20.020420 -13.000547 -53.199373 1.262391 -3.752253 -0.247821 -7.942383 
12.049623 56.038219 68.811293 49.589374 37.030953 77.941242 74.815803 54.455427 29.057617 
-39.708524 15.115033 -0.416797 -4.388474 -19.863023 -27.834705 -29.941060 -22.452505 21.057617 
19.877223 65.002243 8.307567 45.571420 49.681726 24.950427 9.287135 56.953567 70.057617 
32.944353 0.696399 -77.676789 -5.503288 5.054992 -2.024380 -17.047014 -5.872822 -17.942383 
23.556145 18.156225 16.360979 32.162147 32.514802 62.424300 61.108298 54.788170 42.057617 
-24.723320 -19.595063 -31.221420 -5.532362 9.937829 -4.928660 -19.797631 14.522765 -37.942383 
67.834095 32.462993 72.668959 23.650683 54.735465 44.329500 46.106844 58.367945 17.057617 
28.213980 -52.318954 -28.237780 -10.608155 3.982932 0.118593 17.681431 -18.242423 6.057617 
31.631715 20.337669 22.604838 24.127513 49.848778 33.459586 68.750510 60.601540 57.057617 
-7.092034 -48.440711 -29.844958 17.187707 -32.027408 26.920503 -9.943210 -13.759794 13.057617 
59.476482 44.163517 28.526496 79.183754 42.007867 49.706547 52.127648 49.474692 82.057617 
-49.533867 24.812910 5.898020 1.144606 7.450773 3.261210 -3.503533 -15.472019 -20.942383 
52.282155 56.038723 36.757331 37.206734 69.537489 50.969092 56.691796 38.657991 28.057617 
-11.308584 -13.642882 -16.127549 -19.601862 -14.844072 -27.392718 -35.364340 -39.070574 -31.942383 
11.179021 56.600868 52.195806 26.970732 47.718063 35.896221 39.069947 68.596910 54.057617 
10.716655 0.895174 -29.313593 35.784630 -20.919010 -43.855982 -0.334165 7.114941 -30.942383 
66.138138 3.227343 55.553753 21.937268 58.298499 25.550871 83.866641 39.107685 53.057617 
-18.412391 -6.558685 -48.222418 24.830829 22.681172 0.946299 -7.915644 -15.325716 -30.942383 
87.470225 47.102394 93.054035 62.570657 25.239927 72.936395 25.272909 32.767680 51.057617 
-34.785555 -1.835375 24.285109 -11.056641 8.745273 -16.763592 -39.078977 8.643871 -44.942383 
29.195469 -3.584610 25.769535 51.968701 76.323977 61.514522 70.851666 31.754121 31.057617 
1.855326 17.736931 -2.115175 7.552253 10.179785 2.157591 -12.537242 -31.212955 33.057617 
53.790199 39.882010 37.363380 18.758718 19.241589 56.719667 73.576538 10.956838 53.057617 
23.479197 3.138713 -20.466789 -23.025642 -1.113118 14.169475 -26.711390 -22.768864 -25.942383 
34.328795 45.854005 66.003705 41.073103 -2.203015 29.255649 39.839245 64.991749 50.057617 
-2.770190 -4.776094 -38.447465 15.125921 -5.607915 9.000569 -38.632823 10.656406 -10.942383 
10.876702 9.524575 60.516472 41.849678 34.514324 41.834136 46.609178 17.502933 64.057617 
12.227445 -22.434686 -2.447564 -1.579266 -1.394118 -36.388003 -11.846489 -16.064901 -45.942383 
30.602057 3.594299 71.765009 26.629777 36.727303 25.006949 20.830603 42.523439 34.057617 
-7.854350 5.754364 18.981466 13.424690 0.283672 8.717675 -52.688289 -18.378390 -0.942383 
74.140560 43.467502 30.881382 42.668445 64.444857 60.453092 41.283019 24.967482 41.057617 
13.279774 0.036285 -41.597323 -43.994152 2.847883 -5.454810 -8.419449 -35.848676 -29.942383 
37.484064 48.823333 49.793424 55.432834 77.530927 52.820573 34.555630 49.299541 35.057617 
17.642165 -19.849337 5.058537 5.535871 7.744450 -11.894685 6.809587 -6.892921 38.057617 
34.719327 39.328539 43.729677 22.221987 63.455778 -2.367687 35.349486 90.202156 25.057617 
-9.781806 6.719158 -46.571921 11.407825 -7.516215 -34.789575 36.340094 22.734438 23.057617 
-1.924783 43.766768 32.090001 45.862167 68.757117 14.212473 17.921864 46.053617 31.057617 
2.290854 13.214122 -43.446447 -0.186849 -20.969860 -17.813811 6.420493 -20.796385 9.057617 
29.214404 49.587227 -0.484977 28.953556 31.243057 18.787175 53.963330 26.222354 31.057617 
-12.467720 -10.338354 2.410712 28.908189 -25.889854 11.429340 -35.012743 4.258931 -24.942383 
37.549664 59.453763 68.635868 68.221683 58.601381 53.628508 29.853976 15.976313 20.057617 
-25.629708 -25.895586 18.749550 -29.720968 -20.158944 18.358029 -18.431902 -2.924474 -40.942383 
12.266381 -0.039411 50.308848 21.337683 66.732645 56.979981 32.769302 28.538175 5.057617 
0.292309 0.388771 4.726016 -20.754153 19.450811 -0.112686 -43.441143 -33.329406 40.057617 
59.413462 45.404041 45.853106 24.045992 14.140482 42.896206 52.090375 16.294900 57.057617 
-0.190686 9.427528 -6.320811 -37.681085 -49.720175 -5.020621 -14.103792 -23.686759 -4.942383 
65.823745 -4.841867 -12.749612 78.623194 62.082679 69.909460 59.635391 68.303767 51.057617 
-28.270716 11.537388 40.431474 10.766066 -1.082394 22.664073 -9.908637 -43.673551 -20.942383 
59.417392 65.516066 56.684314 27.754590 23.458580 64.800445 48.352930 68.907869 39.057617 
-37.094167 37.219522 4.592075 -19.546052 -47.347443 -19.239387 -18.776529 -47.990288 7.057617 
27.841779 48.419716 22.368883 125.384163 41.727485 49.452523 61.110035 45.975511 51.057617 
-33.047138 -1.341369 -24.124192 -21.714756 -9.540541 -15.503571 -1.618803 -35.423838 13.057617 
67.005405 10.628756 35.038623 19.412694 66.155328 32.565874 63.771406 61.178508 64.057617 
-29.909470 -19.994482 14.746815 -37.436578 -32.537692 13.542633 -8.429331 -32.110623 -9.942383 
47.224444 7.605743 56.648066 53.955398 36.824816 59.069931 67.762943 30.073289 32.057617 
29.674775 2.988217 51.769834 -25.870008 19.817844 -31.510295 -36.376075 13.807051 0.057617 
82.449195 6.514687 8.172312 62.739850 30.254405 39.766253 77.229755 23.579222 -4.942383 
15.359589 -2.346866 -3.236147 -24.586614 2.721172 -3.367860 -30.250112 3.873990 -8.942383 
41.014568 23.200218 19.741975 33.544904 50.084174 21.022043 19.907590 57.437507 31.057617 
20.593596 -5.402554 -18.234298 -41.703173 23.335166 -54.124591 -19.231317 3.145605 -1.942383 
44.376876 34.258550 32.659472 45.234617 56.302873 21.783097 10.273272 46.862235 38.057617 
-6.409475 22.316562 -18.884100 41.032425 24.205830 -18.736253 -22.496268 -17.252729 9.057617 
15.246961 75.663310 35.000535 48.478049 1.841874 10.564631 49.134138 68.931019 54.057617 
29.447925 -1.677594 -13.578104 -19.531698 -38.762671 32.506048 -0.138395 -16.670833 -17.942383 
30.295487 67.221772 21.469389 1.715309 51.260444 58.327498 55.411273 54.288334 42.057617 
2.055107 -25.024990 -28.954501 -31.247649 -8.185766 14.070784 -18.529308 -4.331083 -21.942383 
31.527646 57.890198 52.113282 44.870345 35.697494 -2.602718 62.988928 39.011564 82.057617 
-3.313388 -13.506899 -22.948097 -13.226890 -5.227848 2.202264 -18.734960 -42.406678 45.057617 
77.901135 57.910496 52.672976 105.740188 70.160867 15.578487 34.110217 21.745934 31.057617 
-33.278596 -5.199728 -33.427165 -17.754058 -28.206015 -58.634417 0.470659 -23.016567 -16.942383 
67.421330 38.755583 59.631301 45.538017 23.107006 41.996182 10.183226 31.709113 18.057617 
28.539442 -48.985165 -5.766867 -0.952212 -11.948195 -28.234893 3.019220 -39.005775 -19.942383 
34.093257 58.799502 45.174670 25.727464 52.237677 23.716079 41.742980 6.845625 45.057617 
-16.588124 3.418652 -29.251275 -12.591785 -30.694468 -13.000374 -20.271109 -44.472268 -53.942383 
43.274324 25.231664 12.369140 51.418128 19.577588 57.633920 9.917259 39.897272 32.057617 
-6.009412 2.857731 -5.830394 19.080769 18.382515 -24.889436 -2.409592 34.925808 -24.942383 
42.560018 28.397754 78.828404 59.128909 62.771054 44.669146 37.018999 40.395322 41.057617 
-10.580982 -26.066539 -10.056938 3.391755 -22.243655 -34.935074 -5.812162 -34.731001 -5.942383 
48.674844 11.858668 47.358744 46.286927 30.623286 70.329747 72.902936 21.549239 44.057617 
23.766175 -9.345852 18.451508 -27.816835 -31.507333 17.550359 -25.099969 -13.117013 25.057617 
55.330109 27.848833 33.936607 47.945652 47.587173 45.702384 85.166396 34.543283 66.057617 
22.277628 -16.841730 -38.365031 8.775892 -12.972238 -6.850163 -17.217162 20.702603 43.057617 
19.344763 8.724703 35.078583 48.534925 39.428635 60.810492 13.863985 49.758509 37.057617 
12.625891 -7.882464 -13.684499 -22.331622 -11.182471 0.522552 -3.843174 -29.733508 -5.942383 
38.015341 36.693691 37.731914 35.505886 42.452837 31.561445 71.981776 45.860799 20.057617 
8.744723 27.911273 -19.549591 -44.585485 -12.962067 -9.898413 -21.080733 -59.800918 18.057617 
88.613792 38.275809 59.115431 45.539206 29.230777 44.956824 24.590825 30.928600 27.057617 
-33.484899 0.922714 -12.360310 -19.517183 17.558718 -49.965014 -22.416417 1.876798 6.057617 
52.149874 31.840565 60.208669 56.968075 46.350407 52.369550 82.610250 44.956569 76.057617 
4.821162 8.543596 20.790506 22.314216 -22.380112 -18.941583 -47.981190 0.658236 -0.942383 
48.271636 51.495774 46.495069 31.578775 22.073501 12.760341 69.581404 44.542608 71.057617 
7.144650 5.524549 -2.801803 -19.053911 -3.651077 -2.357106 8.179172 9.746530 38.057617 
27.490889 34.346132 58.311711 79.088734 29.570953 64.529251 10.329942 16.162353 18.057617 
-1.789138 -14.006897 28.557588 -10.298954 -0.208362 -7.994704 4.243946 3.566006 1.057617 
62.814926 9.604208 30.088131 37.556233 49.766279 26.984450 35.801580 51.625644 53.057617 
31.064872 0.905169 24.776495 -26.146192 -33.174341 -3.107718 -2.793052 -16.608367 -2.942383 
22.151913 29.836209 53.535337 73.320040 48.743392 15.852503 46.572971 39.424429 50.057617 
-30.770245 -43.858558 2.072497 -8.969636 19.288878 -27.618562 0.493769 -38.049265 20.057617 
27.527200 81.098593 23.891348 74.251247 45.722243 31.067715 26.925901 51.920426 42.057617 
-33.049993 -38.002148 -20.378873 -39.507547 -13.742918 -27.105829 16.863243 -10.954485 -21.942383 
52.342568 2.716505 48.739461 43.244206 35.346211 27.309956 36.581912 44.199293 37.057617 
-34.439326 -12.044041 -28.187227 1.395184 1.219346 16.708798 -41.006544 6.253192 -27.942383 
79.154149 31.939281 53.470932 82.621783 51.772877 55.142528 57.970654 40.120339 49.057617 
20.316710 -0.166479 -5.559506 25.736863 5.821446 10.644182 -18.655536 -0.197961 -1.942383 
54.135324 20.369005 53.523275 48.457140 81.069165 62.343139 56.656753 76.900886 39.057617 
20.814681 -24.804984 13.788735 -8.881357 -8.048727 -18.472158 18.038968 -0.487774 24.057617 
45.349633 80.550813 9.517381 46.898022 48.425104 43.162333 60.875269 39.589149 27.057617 
-17.099035 -2.803516 -31.518082 -0.394939 12.975030 -21.525023 -6.819678 24.110298 3.057617 
28.854010 43.270853 58.754571 48.387146 11.066180 27.192929 45.611863 43.696782 29.057617 
-38.610690 -11.501445 -19.625547 3.234651 -23.755592 -11.851866 -12.944433 12.638746 31.057617 
68.513050 55.393356 58.391171 54.143247 39.904750 22.789171 6.899467 70.468192 6.057617 
28.564241 -36.073290 21.073143 28.286230 -23.973702 -5.896261 15.343707 13.947064 -14.942383 
83.123751 40.121198 44.736099 53.334969 63.382948 31.750739 56.381505 88.140981 14.057617 
14.095713 30.998954 2.619342 -23.195653 -28.626975 -8.981225 -1.096344 -54.856058 -34.942383 
11.777400 28.409221 66.466218 1.721469 28.532148 39.738348 51.701544 53.700869 29.057617 
-15.924103 -8.480385 22.322493 -8.304137 -36.982740 -3.451411 -21.922595 9.673452 -9.942383 
50.167031 53.470462 8.734534 73.101824 36.155506 95.220914 46.488556 70.767583 14.057617 
-3.988557 -10.442752 -24.503350 -33.283865 -21.852781 4.279415 -23.968583 -6.593354 1.057617 
10.331446 50.028462 110.619962 74.947359 5.189189 34.535774 37.987561 42.100377 51.057617 
-20.651631 -13.941883 -30.448156 -32.004426 7.583572 11.485453 25.344438 18.588850 -29.942383 
23.901568 41.902477 46.365930 60.385597 50.845813 44.816573 38.135979 64.313632 28.057617 
-11.940508 11.916157 -14.304009 -31.626608 -23.286085 -6.995932 4.316338 -0.328603 10.057617 
20.166200 62.933048 48.678355 55.676157 38.418343 61.068447 63.296816 44.077701 68.057617 
2.545635 -3.734603 11.552062 -25.475442 -42.627299 -23.319529 1.499372 -8.357725 0.057617 
60.659628 43.010060 4.255450 33.436285 71.118056 52.270476 68.064326 54.952307 48.057617 
5.675016 -2.425156 3.705585 26.377750 5.237741 -0.133913 21.687226 -37.655223 1.057617 
32.525694 52.853713 49.743758 62.727284 17.548243 47.775494 42.317132 52.916013 31.057617 
-4.863798 1.629955 38.056864 22.473758 11.052236 -3.456279 3.503492 -17.594382 7.057617 
33.499955 60.811368 36.090444 37.651233 21.046054 55.026775 73.334460 41.644760 20.057617 
-31.269236 7.077479 -42.544098 -10.448178 4.030241 12.992235 -4.649267 2.176631 19.057617 
13.366332 49.356113 37.950281 65.266824 10.883217 44.733696 39.220903 38.194398 -2.942383 
-38.003702 -24.652343 15.119846 27.787385 -1.683028 -17.060068 -5.508521 15.330028 0.057617 
67.967485 46.031849 19.242750 61.784753 26.097443 56.083901 46.203973 36.485514 14.057617 
-36.705275 11.335795 -7.112056 34.930242 -18.595405 -5.166810 -5.362511 -15.864106 -4.942383 
36.240826 77.215624 69.566535 33.953354 39.768638 23.271301 35.322789 32.332105 71.057617 
-17.568458 -14.575993 -22.152281 -14.289926 -11.951642 -32.979647 -21.563272 -30.629047 6.057617 
51.785225 37.315190 46.248014 35.668831 82.635436 19.629772 25.730747 15.332827 56.057617 
-12.887738 -37.204767 -45.117180 -3.115047 15.419204 -21.251752 14.114952 -16.495884 -5.942383 
26.429312 53.038097 55.341736 50.307091 38.508627 60.042099 25.228754 38.464443 18.057617 
-14.839103 -5.376171 -45.677721 -3.031772 2.542737 -5.294354 -9.154524 -5.982165 -38.942383 
40.208448 65.409226 13.036229 50.019701 34.192670 12.586064 28.233326 22.924085 -2.942383 
-14.113814 14.164917 -17.242013 -41.918351 1.381549 -34.913446 -21.952248 -32.005309 -4.942383 
13.081284 13.756670 29.494474 49.067311 39.179004 29.621363 56.268776 19.460736 46.057617 
13.543786 7.060589 -48.369019 -15.119297 -15.862316 25.992748 -15.153084 -18.007743 21.057617 
37.025733 56.555533 29.956584 85.385845 47.659112 76.399290 34.894214 29.549820 43.057617 
9.111504 -33.444288 -30.696066 -38.651701 -13.716728 -37.003753 -35.452630 -31.640001 11.057617 
77.334789 35.205258 55.975075 52.538603 24.515568 58.103830 56.457543 77.753891 61.057617 
3.097051 25.937569 -12.201599 5.782626 12.317124 -17.604693 -8.010238 -22.899680 -12.942383 
33.461764 35.318787 24.936580 8.354755 44.657879 72.358307 59.913984 72.117245 54.057617 
8.120295 2.531058 -14.096650 -36.045172 9.270569 -22.390380 -15.081559 19.573838 40.057617 
48.886532 42.152466 60.958016 52.646152 12.621165 80.200715 49.982409 41.093631 -10.942383 
-13.902645 0.454669 -7.483070 17.453232 -14.721971 -6.862927 -16.771581 -3.269422 -21.942383 
58.554826 45.649266 30.555768 19.864619 73.481424 42.597876 -2.067721 21.476310 -4.942383 
-30.380834 -27.152310 30.737647 -13.848007 1.412947 -32.091994 -11.176969 -45.803988 1.057617 
56.397325 46.758250 60.616168 27.575678 20.821196 66.750674 15.593377 13.904092 79.057617 
9.996548 4.746822 -11.315190 22.089866 1.422950 -26.673252 12.382946 -18.456787 48.057617 
52.435488 46.225942 58.237378 29.270374 39.680807 49.558841 29.840548 39.590340 40.057617 
-23.040122 -18.689638 1.470393 -8.294432 -21.116542 13.848694 -15.117737 9.500201 3.057617 
46.607118 47.605762 57.290350 47.879063 66.085836 66.537100 74.334166 22.699093 41.057617 
14.492697 2.494378 -32.752996 -3.944972 -2.722023 -6.797342 -27.176249 -12.628660 7.057617 
42.860166 76.464272 47.691300 31.619366 35.233380 38.142125 32.686610 30.835137 20.057617 
4.740673 -9.112437 -25.684031 23.133557 28.484947 -7.465362 -37.260186 23.479632 -10.942383 
-6.417323 16.969888 52.289070 60.353142 52.381993 44.886805 33.320198 31.647409 22.057617 
2.626351 -9.667795 -15.479890 -39.088285 -14.659197 -10.648371 26.668954 30.540158 -23.942383 
34.923046 65.189807 47.573368 59.842499 5.098135 41.024822 57.128429 63.752438 30.057617 
-29.919721 20.965213 13.382332 -23.236476 -6.050557 -0.100832 -13.178999 -8.333945 -19.942383 
52.931883 56.215621 30.357259 54.681942 45.071854 16.113646 57.350659 52.531371 61.057617 
13.493753 24.144371 12.252250 -13.924573 -14.416118 -21.635616 -15.984766 -12.680642 55.057617 
20.556501 77.024157 68.466754 35.192569 34.198402 60.863164 22.886472 58.358593 31.057617 
4.593897 -13.614107 -34.620964 -11.849638 29.694434 -12.665046 1.540601 19.487754 5.057617 
46.024474 59.863743 37.643090 40.528462 58.553362 46.975797 26.069305 47.510252 51.057617 
19.239441 48.207888 -12.251691 7.777853 -7.959831 -5.411441 -26.306601 0.442943 6.057617 
33.157482 35.946196 53.670687 66.259172 59.666990 88.920580 47.102159 36.022854 17.057617 
-28.696968 -30.739081 25.445803 26.331577 7.681918 13.302518 -28.712616 -7.294804 10.057617 
38.950690 48.335047 61.890724 102.510080 74.535461 33.901779 36.279139 38.829777 36.057617 
-2.580814 -4.195848 -21.934118 -15.926133 -20.591975 -13.722867 -27.795819 -24.217342 -6.942383 
32.896239 37.285564 66.585929 49.454365 52.865658 73.183231 55.285947 50.814426 62.057617 
47.514793 -11.458747 21.791588 -39.741907 22.351053 -0.146549 -11.188818 7.168759 6.057617 
52.886867 28.772795 25.613951 43.160332 38.225020 64.537981 104.827896 34.399415 34.057617 
57.550836 -42.099765 18.991981 -1.320789 33.495105 21.309944 -7.478796 -21.540973 -11.942383 
46.653610 33.854235 55.603893 57.399975 10.505031 58.800795 61.915684 34.365175 34.057617 
-9.343983 14.669810 -37.080809 16.511969 -24.725905 1.099170 -12.360642 -6.186760 20.057617 
64.413885 36.730977 11.963582 23.552875 26.531786 84.629010 56.124875 47.992048 90.057617 
-3.206065 -12.455333 -14.126239 -11.954517 -29.857105 -27.732907 -22.788160 1.450551 5.057617 
30.731415 7.366604 45.393589 74.404979 44.453370 39.710666 56.463616 42.373168 66.057617 
6.084431 -21.990421 -14.504784 -14.548240 -4.219600 28.850884 -15.645968 -4.774909 12.057617 
39.138178 30.671924 57.217762 30.124759 36.553871 33.847813 35.809559 35.922290 31.057617 
22.440693 16.050239 -2.829568 -45.111556 -3.874047 -1.894766 8.612866 -11.295454 -2.942383 
61.846103 39.988575 35.053271 85.823322 22.272649 28.101869 39.967895 45.865208 -1.942383 
11.198247 22.795508 -17.744477 -28.613419 -15.799218 6.624325 18.682531 2.872498 -1.942383 
60.971088 45.693205 20.217173 51.554324 59.264240 31.521387 61.887844 57.149090 51.057617 
6.675331 7.913907 -1.607489 -16.785122 -1.969877 -0.307310 -12.937897 -43.213905 -4.942383 
25.324988 91.292992 87.102421 94.585879 47.436840 33.085859 53.740825 59.781057 21.057617 
5.982982 -0.861501 -29.164098 21.671603 -30.621374 -35.389749 11.236004 -10.191931 -22.942383 
14.137805 45.116435 29.076536 35.975881 42.555199 46.018821 39.457832 6.104813 31.057617 
19.288631 -11.168943 -31.084031 7.752142 -36.316693 -6.884664 1.065868 21.598439 12.057617 
36.057706 49.145622 60.607362 60.199522 3.564266 63.532213 73.418734 -8.229246 33.057617 
11.878263 -23.952730 11.415071 7.623637 -44.988420 -14.600281 -1.527552 -17.442741 31.057617 
27.645602 53.214543 43.236385 12.842389 69.589457 33.713827 52.224369 30.361102 43.057617 
-18.256451 -15.415030 -52.225291 3.953011 -18.579058 23.594948 19.174795 12.301184 -25.942383 
27.889707 61.747692 26.482508 54.884837 58.626340 69.329369 26.076545 37.176963 49.057617 
-17.445417 10.118076 5.975950 -15.469626 12.732082 17.303486 -57.531437 -19.886463 17.057617 
41.702839 17.495194 58.179590 50.548090 66.230243 17.003429 36.384790 42.195930 31.057617 
-11.292947 16.198048 -11.381202 -19.131181 -28.625376 -14.494614 5.100557 -18.653129 -33.942383 
22.244018 48.965116 62.937848 78.011491 5.203809 56.953831 34.095846 94.188597 28.057617 
-23.066039 -27.169646 -17.960112 -30.009639 -32.137691 7.490030 -25.659811 -13.668822 -17.942383 
3.893687 80.070079 53.684630 43.625512 49.377152 74.341748 36.645146 42.412968 25.057617 
16.106476 -34.328072 30.221443 29.331009 -0.559329 -47.681602 45.384997 -6.541157 17.057617 
61.678651 0.659898 42.737056 67.771184 53.889695 33.538311 45.312316 35.065385 39.057617 
14.454408 -7.864635 3.759557 -16.902348 27.137906 17.888919 15.013653 11.017229 -26.942383 
18.877000 56.667228 34.832503 22.439908 61.966102 38.869113 61.540389 34.210965 61.057617 
-10.494853 -24.348168 -40.258046 -33.836542 -23.664873 -12.030136 2.091299 8.716370 26.057617 
36.266528 56.862721 49.706745 55.148016 35.564381 32.502816 56.743859 24.080420 27.057617 
3.756634 19.747958 19.043400 12.054934 6.857978 -13.796211 -11.128532 3.389491 6.057617 
43.116604 45.543530 29.420129 59.202719 46.577297 60.705216 26.898402 52.498971 36.057617 
8.979493 -22.174331 -1.033444 -5.916355 -1.919042 -10.349040 22.372635 5.845233 8.057617 
36.527025 45.808023 42.337450 29.692197 20.629235 66.110446 43.102424 74.021459 42.057617 
-60.250579 -8.737852 -30.787390 -28.088705 -38.491090 -36.272196 -18.940365 12.669436 10.057617 
69.612782 41.049890 -0.434724 39.784362 30.853412 34.762088 49.041060 -3.161001 49.057617 
-16.666816 14.481003 -8.840447 19.119041 -41.177413 -28.530201 -6.481982 -15.370912 14.057617 
75.119184 35.617926 46.023362 28.242381 67.476916 16.450770 56.164872 35.035619 82.057617 
-50.127877 0.255757 -16.325551 -19.573525 3.881789 9.279065 28.974641 -40.361626 -12.942383 
59.191155 70.231486 73.640158 52.706921 50.541105 58.940725 52.203141 66.731520 52.057617 
-11.126927 -14.777077 -8.661689 18.794287 -9.312807 -34.483608 -16.108248 -21.438932 -5.942383 
17.530460 30.285829 54.699912 31.405766 44.802415 29.985492 53.279065 59.050689 48.057617 
-6.682479 -30.428640 -31.508952 -32.441945 -13.421847 -24.034807 30.063234 -15.777471 22.057617 
31.410347 19.548219 60.946487 117.718614 65.028325 -2.395491 62.897994 25.089858 43.057617 
-21.713541 17.433281 -1.080909 4.496555 12.617934 -18.336717 36.227446 12.827840 -9.942383 
23.468192 78.754778 63.309300 29.653371 40.302634 21.532213 51.676512 48.202536 17.057617 
11.714527 -7.106246 -1.796173 -20.007673 -17.308905 13.191167 -65.177975 21.496063 10.057617 
2.132848 63.036767 53.039795 91.164896 71.601255 34.605241 32.038192 13.789713 52.057617 
25.150206 -8.034190 -27.881687 6.456363 -32.357498 1.101146 -16.886636 1.428213 11.057617 
66.418921 22.913789 38.079694 49.053864 51.749286 66.792179 46.223744 42.541806 52.057617 
-18.873910 -33.670035 -75.909828 48.527969 -9.627152 -48.191890 10.852396 -32.200652 -15.942383 
27.769682 59.119710 42.225740 14.132827 54.461188 79.572111 55.409834 41.946352 54.057617 
-11.826911 39.236388 3.292992 -16.453727 -40.451940 -13.827562 -14.381476 -3.773068 7.057617 
16.858167 59.902234 15.653011 60.376301 60.130155 71.263176 17.797110 34.442138 41.057617 
2.405775 -0.724222 -11.293901 -23.346846 8.080451 -6.976243 -11.493207 -5.360178 2.057617 
33.832098 66.695138 41.940894 14.586576 33.006289 102.668490 45.688015 41.357072 36.057617 
-1.468167 -1.149862 -16.021947 4.028337 -33.949011 0.425904 -29.762116 27.687751 -12.942383 
66.528577 26.449625 56.240558 50.016238 21.041610 49.466581 64.087792 32.500733 46.057617 
11.665402 13.945284 17.607346 -29.978956 15.322728 -16.287651 4.911687 15.040096 11.057617 
36.917056 57.970102 24.593551 50.869660 38.722822 39.465523 36.581337 57.925687 50.057617 
-18.862710 -18.197647 -39.613563 11.423191 -24.653864 -45.504516 -2.544749 -26.465200 23.057617 
7.143570 27.774730 91.788763 34.881516 36.000737 66.007491 47.813026 76.287617 73.057617 
17.615680 15.964601 -23.037988 -40.795695 -38.383870 -30.772802 44.038815 -23.800210 18.057617 
32.371612 -3.127262 34.352380 22.667198 59.320721 57.612320 48.359160 36.731957 29.057617 
-31.889632 -4.343001 5.375275 4.043863 -23.259712 3.976236 36.304210 -13.043437 19.057617 
52.229115 55.149591 60.178800 16.105403 69.484377 21.164131 44.185585 24.231619 45.057617 
-9.589379 -3.162726 -6.531121 -1.632836 -4.276649 -13.943256 -4.386997 -32.562891 31.057617 
58.290098 17.426288 -1.532720 40.659851 49.979948 44.027659 23.790158 47.280671 63.057617 
-16.933616 37.609419 -54.480960 -5.147052 16.974791 4.261318 -28.631540 -11.577254 -15.942383 
51.171602 56.781757 46.713011 16.484999 41.622832 42.792660 40.348423 57.771573 20.057617 
-14.861612 15.541527 -24.663201 -50.015014 -28.947593 8.742313 6.107363 -18.812369 0.057617 
37.116750 36.162734 25.529088 37.242995 31.887400 41.401350 42.945605 50.919252 46.057617 
29.739090 -35.550876 -47.130946 -14.728920 -6.131748 14.604527 -11.934927 12.170873 -23.942383 
31.203690 42.493400 34.138893 38.754744 8.147975 37.010063 90.156924 80.821777 52.057617 
11.068962 -32.217356 -20.002761 -0.037407 0.664608 13.011536 -30.293833 18.312039 21.057617 
40.400463 18.176141 2.979917 46.948600 0.185112 28.258363 86.551995 30.431393 75.057617 
9.154611 29.596520 1.486187 -1.699528 5.660259 -23.144101 -11.136240 4.437294 -22.942383 
-8.550862 27.689729 28.924416 20.219777 33.280416 15.923400 89.701881 47.019283 32.057617 
-39.635195 -19.865552 -27.440196 0.152794 16.411667 -8.192543 -11.564063 -21.086697 -23.942383 
30.668435 41.826462 9.744498 34.887623 45.825553 7.346403 -4.882126 54.891966 45.057617 
1.275651 -25.597557 -16.987700 -28.900037 -23.754454 11.866914 4.224094 -11.293533 -11.942383 
55.692189 75.579221 63.540485 61.258378 46.155236 38.931994 94.593084 71.049868 63.057617 
-8.614471 -1.795314 40.324174 -0.638824 -33.230754 31.306375 -23.010569 3.939838 -31.942383 
35.507664 51.792650 71.125245 23.418591 18.517215 23.942808 23.090521 26.634921 26.057617 
6.254136 -1.073104 -3.357631 -13.595023 -54.596090 -31.513515 -11.192907 -12.165048 0.057617 
19.155906 78.533986 65.816254 60.570521 23.818171 8.554715 36.073990 57.244913 16.057617 
-2.771795 1.843862 -7.343419 -40.714994 -16.019686 49.048741 27.211768 -0.861759 -17.942383 
39.428324 35.982079 51.173435 59.325593 51.478589 26.010324 62.784832 65.011245 26.057617 
-2.140683 20.604641 -36.333603 -62.952149 -12.670676 -21.816472 -27.054882 -3.884259 -33.942383 
4.909728 27.578296 57.222660 35.315293 54.695003 62.648823 75.345037 33.767451 35.057617 
-2.069151 21.072521 -23.443028 -48.080170 -6.767523 -32.404956 8.280332 18.371522 3.057617 
38.652143 80.826709 44.291934 37.669442 43.243071 55.230377 58.962474 40.370952 42.057617 
-13.050094 1.312763 0.188223 15.789936 -18.053387 -7.530840 13.025053 2.179168 35.057617 
34.894969 76.461593 51.858229 35.636560 44.601673 41.419547 74.161174 44.918336 69.057617 
6.783798 -46.781778 -30.395848 -42.222171 -23.018828 -7.223371 16.693127 16.145840 -6.942383 
29.477922 61.633628 16.963946 41.576743 35.283391 10.591754 16.165145 52.603930 77.057617 
-8.899045 -34.866623 31.983811 6.875780 26.885926 37.055156 -1.159574 32.225766 -27.942383 
24.460272 62.372857 25.992125 87.683584 75.759897 55.321947 45.654632 65.143483 77.057617 
-1.841618 -18.161674 -27.177847 -39.200764 -9.471390 -30.572815 3.364026 -33.156874 -21.942383 
75.299475 45.593679 51.024504 34.535457 51.384844 35.383810 35.556721 50.854520 45.057617 
40.204171 29.940379 -17.953460 -13.814393 -5.021115 -52.140960 -14.568389 9.828410 -20.942383 
87.628689 49.636770 74.793716 29.261998 64.414644 45.948833 13.463808 48.079757 21.057617 
6.728200 14.958170 -29.539057 -18.382048 25.254663 5.729878 -24.601007 -19.810427 26.057617 
55.664152 25.601183 63.731947 53.864250 35.613986 20.631073 44.031908 52.796870 68.057617 
17.034374 -17.381550 -23.698990 -28.795489 -22.909892 -17.831910 -14.739995 12.905713 -2.942383 
19.564250 12.778008 73.340879 67.025566 57.768789 21.589380 69.405058 36.199373 80.057617 
-12.212308 -2.638386 7.729349 -21.557903 4.729029 -20.544319 8.991353 -18.529043 -36.942383 
63.150717 26.455985 47.444662 63.439583 78.810953 31.072273 15.187584 72.766943 96.057617 
-8.994520 -14.450764 -18.099554 -28.223671 -10.620616 1.682674 -18.453703 -22.902842 65.057617 
76.388687 20.240884 62.979648 70.302893 39.139360 76.591009 31.739564 62.575161 29.057617 
17.483692 -1.467200 -8.147251 -36.315915 12.591360 -25.063978 0.483344 16.428004 -2.942383 
23.302333 74.349841 48.988867 47.018539 27.974718 62.383929 21.382806 70.072687 62.057617 
-23.251931 -17.963742 -15.126797 23.553772 -14.683597 -17.383843 9.758173 35.152027 -33.942383 
64.627457 48.861783 57.191991 62.940477 23.059404 32.261659 51.955297 69.378500 37.057617 
-26.944451 -25.980381 -25.533336 -33.760414 9.083299 37.211861 -33.595221 -3.092832 -19.942383 
34.158095 77.110920 33.221558 48.115034 40.377934 32.516157 26.899203 47.189687 34.057617 
14.821625 -7.047173 11.967887 -22.112193 -2.014494 -31.196425 -5.584287 18.543723 43.057617 
32.921303 44.177057 97.692642 30.379002 56.620247 0.033576 52.294223 55.426595 27.057617 
-22.092300 -16.954828 -15.997957 -41.281458 -23.239626 -9.405090 52.699119 -19.087061 13.057617 
53.071433 23.991239 -0.898779 53.114700 33.471257 26.431445 56.871142 53.227830 73.057617 
6.975963 -7.395140 -31.449890 -18.576079 -2.188117 -25.900295 22.562865 -26.073729 -6.942383 
19.353688 63.937178 25.477083 12.208239 44.116143 32.067635 34.281748 41.728083 22.057617 
-23.173923 -5.619861 -28.627498 -43.807629 -31.794283 -29.676557 -17.450887 -22.370402 4.057617 
50.857224 41.446383 15.680852 85.899493 42.417848 61.262828 20.262254 52.385745 50.057617 
-5.229723 -5.981849 4.215659 -0.936725 -6.349071 -62.878014 -33.897427 -8.387824 -48.942383 
79.592740 57.160304 85.515723 25.239064 64.966487 30.252038 57.800086 40.561956 40.057617 
4.693053 -28.117763 36.328039 -20.816679 32.948662 3.311395 7.686428 -17.035578 -6.942383 
68.277560 23.988953 64.873446 26.871726 51.392869 66.721360 95.553264 58.227589 71.057617 
-12.676976 -3.976819 20.366467 33.368871 -30.875197 -41.440832 11.415868 6.067972 41.057617 
-27.017517 -5.118551 -44.687696 -11.719501 -41.764387 -47.946419 -7.799125 -45.916258 -26.942383 
-95.648763 -84.560254 -109.545986 -120.379738 -52.867348 -101.708012 -86.252905 -122.132838 -35.942383 
-20.776360 -26.323046 -23.983953 -55.986263 -3.428992 -10.344601 -39.259134 -40.414554 -23.942383 
-79.817393 -59.329675 -78.439497 -56.791017 -112.489375 -52.737846 -126.587675 -79.237437 -99.942383 
-1.472416 -13.169072 -26.380279 -40.583271 -42.082911 -20.855132 -6.629976 -39.108995 -31.942383 
-61.472450 -91.033488 -100.860333 -78.895090 -73.227209 -76.964257 -97.818634 -70.114108 -88.942383 
25.341693 45.931012 55.399092 34.128206 83.421242 27.539718 58.915144 20.332612 90.057617 
32.294394 5.483668 9.565286 4.030138 27.944226 6.377343 1.921598 38.758281 17.057617 
37.811096 44.278191 41.244576 50.665802 56.979328 54.441889 57.163489 54.677171 47.057617 
17.554679 22.606082 -2.061677 -16.603766 -3.597835 -26.436835 6.129545 -10.745647 -19.942383 
41.232165 21.418613 4.543140 35.145259 34.745748 25.951706 35.515858 23.192817 -11.942383 
16.821139 -39.136453 3.955189 4.571534 -3.964383 -13.932081 -31.296861 -10.279537 -52.942383 
-0.705679 57.441396 20.692920 12.924857 41.904457 47.535581 42.003427 37.077191 60.057617 
-43.904253 -12.756447 -24.126352 -13.150418 -36.718499 -43.361756 -14.811686 -2.736438 -4.942383 
-1.629151 -25.610556 22.003962 1.919189 -46.081633 2.773087 16.642452 0.810996 -13.942383 
-23.614666 -12.379773 -47.944071 13.520503 -18.316240 41.499801 -5.850474 -30.342896 -5.942383 
-26.973598 -5.758545 -5.325158 -15.536673 -47.453490 -33.355906 -69.656139 -39.026792 -10.942383 
-49.678698 -30.417777 -17.773398 -24.118908 -41.934315 -3.099852 -8.519499 6.711742 -18.942383 
-2.471958 -29.085904 -10.012900 -29.687755 -12.349746 -13.045845 -19.668974 -39.685570 -13.942383 
-19.906728 -42.914129 10.068782 -19.439150 -40.708335 7.286135 -14.790949 18.760573 -37.942383 
-45.744918 -31.678898 -20.218570 -21.433983 25.462886 -50.140177 -16.001696 -59.077624 -27.942383 
0.478844 -63.373852 -15.083742 -24.843285 -16.144996 -33.076903 -8.657014 -21.260653 -18.942383 
-24.371580 -30.426417 6.807036 -9.749912 6.712442 -12.060188 -26.872381 -20.015164 -31.942383 
-40.343748 -16.182116 14.146130 19.858917 -23.026739 -49.425738 -39.875615 -10.056792 -7.942383 
-51.063254 -35.584328 -9.369823 -15.028382 -24.519073 -22.018716 -3.177064 -19.432150 -33.942383 
-43.932111 -32.404510 -8.374074 -48.517062 -9.707469 -19.212020 15.618480 -27.485442 -16.942383 
-65.063588 32.819259 10.670885 -23.044510 -20.685707 -9.577423 -19.582378 -21.229600 -7.942383 
-28.330491 -8.444295 -31.804912 -40.431553 -52.120073 -24.315505 -15.506888 -12.028160 -28.942383 
-6.172347 -9.712745 8.567357 -28.861851 -24.086963 2.505818 -61.881080 -22.636185 -35.942383 
-11.943457 -10.660016 -47.166391 -49.586502 6.825525 -50.877577 -23.271409 -27.544456 -7.942383 
-39.394104 -36.252151 -15.129354 -6.427479 -2.759700 -13.370995 8.963282 -16.877878 -7.942383 
-31.439977 -62.473953 -14.456076 -30.588504 -16.959177 -17.899028 -44.618035 -3.244091 13.057617 
-19.899529 -1.675121 -47.550974 -43.217735 -27.534318 -5.761568 -34.853364 3.644202 -5.942383 
-15.509079 7.468802 -64.105808 -12.772470 -35.858840 11.727064 -11.399496 -18.032314 -55.942383 
-38.156844 20.720312 -23.026611 -32.896750 25.089442 -16.359473 -6.739109 -30.857476 -32.942383 
-8.733571 -25.492121 -29.180528 -7.381758 -32.558382 -1.416547 -4.113301 3.219766 -44.942383 
-6.510383 -58.471330 23.072672 -7.887954 -19.017421 -16.345077 16.918654 -12.460239 -43.942383 
-25.214648 -10.951976 -16.752327 -19.520659 7.155298 -0.734689 -2.205935 -23.938784 -35.942383 
-28.944384 9.943642 -25.420113 4.226323 -23.513636 -50.992046 28.700846 -24.436836 -16.942383 
-42.827531 -15.980557 -28.604929 -12.572792 24.726806 -16.572597 -33.732359 -29.739381 -0.942383 
-24.267756 -19.210437 -19.396907 -6.206095 -4.975430 -18.826025 1.089758 22.730904 -22.942383 
-4.412679 -11.463687 -24.097140 3.259958 -1.585744 -28.839503 -19.749122 16.401108 -42.942383 
5.662318 22.951927 -4.880677 -49.509959 13.252640 -3.197254 -34.375777 -3.323879 -31.942383 
-32.351988 -5.849737 -20.181961 -8.994075 -8.032025 25.430667 -26.019143 6.586098 -12.942383 
-14.706837 -33.417839 -59.225884 -4.996953 40.597141 -18.366202 -12.737378 -11.874538 1.057617 
-28.381486 -45.105746 -35.871499 2.391768 -7.496714 -1.293750 7.474035 -0.121179 19.057617 
-2.351353 -12.708425 7.260319 -38.480983 7.436347 0.481224 -12.537038 -30.598314 -32.942383 
-3.992400 -13.465638 5.909536 -1.989377 -14.249083 -57.793310 5.108924 -36.079097 -34.942383 
-38.380127 -21.751593 0.231558 -43.638299 18.264640 -12.897542 -7.867804 -22.775584 -0.942383 
8.780847 -13.951303 2.338233 -17.133555 -41.805440 -28.394779 -17.676468 -17.850790 15.057617 
-34.389844 -33.608648 -22.860010 -35.456404 15.062872 -2.309703 6.329554 -15.130007 -5.942383 
-26.953973 -26.018940 -35.495841 -50.594513 -29.100115 -33.182996 -61.035572 -60.990222 -13.942383 
-3.054655 -7.744497 -4.884379 -15.131170 -28.971032 -43.986411 -24.896009 -50.188324 -5.942383 
-27.797464 -26.502581 -59.847375 -37.471893 -4.284537 -15.130689 -16.636687 -35.431657 -12.942383 
-45.144636 13.586528 17.963906 -8.196875 -4.492051 12.235579 13.849586 -41.119080 -25.942383 
-7.642988 -10.801758 -26.678964 1.031081 -15.827748 -61.303131 5.006919 -23.360599 44.057617 
-18.306449 4.635416 -8.214122 -29.627712 -33.382852 -15.478981 -15.953489 15.322854 -15.942383 
13.573478 6.003009 13.776691 -49.645505 8.260291 -16.141609 41.728089 -10.778640 -21.942383 
-15.308388 -10.109950 -1.710388 -71.547319 -9.587115 -27.361793 -25.731827 -24.439795 -25.942383 
-7.645164 -31.721139 0.154474 -2.244295 -6.466815 -15.621395 -24.930872 -39.359512 14.057617 
-30.531424 -18.944803 -37.460940 -19.409241 -25.108006 19.739962 -15.142127 0.852125 -11.942383 
-21.234332 -35.134310 15.804107 -47.511484 2.303147 -29.965838 0.591740 4.200436 0.057617 
-35.089684 -29.093210 4.085975 0.217980 -59.902636 1.071269 11.226956 -4.160139 -21.942383 
-18.238229 -20.320168 26.859497 -21.045766 -2.956728 -37.740120 -44.000342 -39.010841 -16.942383 
-45.311206 10.702401 -11.160522 -33.723200 -1.104119 -33.992458 -40.688810 -52.425692 -22.942383 
20.810444 -27.606945 -27.571587 -26.341531 -17.418337 -32.433669 8.395011 -30.201959 -9.942383 
-8.778473 -26.396620 -32.274489 -15.153907 -9.848139 19.695906 -7.835201 -27.358526 -13.942383 
18.204438 -1.456466 16.030956 -31.872624 1.360404 -21.396069 7.699036 -13.035738 -20.942383 
-22.612940 -31.073942 6.443548 -10.207241 -14.102642 -22.665298 8.586001 -41.290043 -29.942383 
-25.172571 -60.891680 -11.652353 -1.157912 -23.648306 -12.279265 -39.102312 0.362166 -1.942383 
6.008562 -1.692094 -5.792546 14.009913 19.051842 -10.663827 4.294262 13.694752 -19.942383 
-11.868336 -17.362601 -8.447204 -27.574553 -7.304992 -14.783890 -50.754546 1.428773 -22.942383 
18.575264 -3.461828 -1.360728 -40.499759 -37.085914 6.286597 -58.014147 -27.998652 -17.942383 
-24.848094 -3.013870 -8.754722 1.420335 -10.085468 3.714051 -69.732947 -15.000006 -30.942383 
-10.703326 -24.892966 12.209299 -12.496415 -6.269664 -23.749873 -26.146657 -23.148778 -34.942383 
-25.291654 1.924518 10.697617 -14.887347 10.302408 -17.456811 -2.901209 -26.013799 0.057617 
-19.796639 9.454527 3.306840 0.932272 -4.318849 -16.593987 -19.049094 -35.367068 -7.942383 
-2.467071 -44.109430 -5.618027 -23.745286 -5.112472 -30.625950 -16.239870 -33.372190 -24.942383 
-59.094143 6.016874 -10.733027 -73.099382 -22.731614 -39.495286 -5.377356 -4.880094 -15.942383 
-59.310192 -39.507766 -53.031159 -23.936665 -26.579597 -52.664700 -66.924337 -15.846190 -13.942383 
-31.022251 -24.750232 -21.649521 -30.521848 16.319763 0.055210 -6.961983 -23.135608 -30.942383 
-22.067468 9.830900 -7.865375 -11.415957 -23.906534 -0.137692 -16.548815 -45.654402 11.057617 
-13.210879 -10.547528 -41.596914 -35.931608 -41.906053 -58.775952 -21.223560 -42.984226 -10.942383 
-27.954228 -36.181405 -43.015495 -52.183304 -36.284704 -21.192077 0.795807 -7.722650 -1.942383 
-50.233637 -20.059175 -32.813573 11.121191 -15.004467 -29.480978 5.537586 -15.986486 6.057617 
-34.202994 22.410668 -20.442046 -28.808828 -37.056582 -15.599036 0.585857 19.995676 -7.942383 
-8.504210 13.009426 2.987872 -20.304924 -34.656213 -26.413353 -9.464430 -33.115217 -25.942383 
-29.550718 -29.199823 -19.565995 10.849383 -40.831906 -55.150833 4.033624 -19.455456 2.057617 
5.577887 -11.446428 -17.468667 -19.284815 -39.463875 2.299097 0.968821 -17.584088 -23.942383 
-30.085668 -12.280989 6.345867 -50.682535 -20.580230 -6.605266 -22.537507 -17.952330 -21.942383 
-27.010813 -28.609180 27.790555 -29.921803 -8.616752 -25.671600 -50.356977 -43.656802 -34.942383 
-33.891644 23.845800 -9.884444 7.341894 13.889636 22.418286 -14.177253 22.645841 -6.942383 
-28.636117 -3.967303 -59.164433 6.552753 -4.037610 20.343180 2.761104 -14.072223 -39.942383 
-27.560869 -41.277887 -40.370946 42.751826 -25.335905 -42.614411 -28.038572 -6.767795 -7.942383 
17.460319 -6.249439 -24.049315 11.892476 -31.363664 -22.689597 -15.686831 -48.665450 -51.942383 
-25.966351 -24.700698 -36.801135 -30.114731 -27.599443 -39.226248 9.164862 -34.932231 -26.942383 
-14.478055 2.471512 -12.905051 23.057899 2.562584 -11.741485 -16.147795 -17.568245 -24.942383 
-12.897020 -20.352542 8.221664 -6.875041 -17.208135 -7.361922 -23.064899 -47.214526 -6.942383 
31.515012 -20.744557 -51.026881 -2.738093 -23.366729 1.605192 -10.330658 -57.352653 -26.942383 
-29.070279 -5.602711 -9.595395 -24.244872 -35.382607 -33.059946 -70.108719 -34.729276 -20.942383 
6.304208 -11.780650 -31.686246 -32.930605 -17.382876 -43.365734 -48.752481 18.113570 -33.942383 
-36.455697 -26.506452 -3.723232 -11.712343 3.824783 -28.894647 -46.459085 -31.259122 5.057617 
-10.272261 5.596145 -29.832848 -43.560341 -45.563054 -28.279089 20.311358 -23.704321 -45.942383 
-8.174391 -34.711448 5.566788 -41.436884 -10.401704 -17.557918 -38.399693 -17.918447 -40.942383 
-10.306499 -25.753114 -18.582369 2.608167 -50.970318 -16.232373 -30.786787 4.636185 -22.942383 
-7.824394 -5.643818 1.591794 -36.381739 -16.312795 -33.325187 10.309466 -46.514483 -2.942383 
-37.656952 -15.297560 -25.363710 -4.015520 10.337769 -5.407233 -38.599299 -43.499377 -17.942383 
-10.108727 -4.045041 -14.961970 10.379117 -48.067338 28.945039 -23.268700 15.556377 -45.942383 
-7.779346 -6.047089 -29.050956 -13.790134 -29.942459 21.050525 -4.284602 -26.983349 -45.942383 
12.226858 -7.586799 -9.319667 -28.408480 -23.513402 -3.773658 -27.843682 -2.135298 -17.942383 
-3.116722 -23.472360 -15.502913 -29.939631 -44.463503 13.256064 -40.384775 -34.415590 -35.942383 
-7.388911 23.560115 -34.191420 -19.152307 -49.401127 -18.857789 -6.898652 -11.258142 -62.942383 
-30.321824 7.077806 -22.733046 1.285829 -27.261465 -47.904989 -4.969164 6.460074 -5.942383 
-1.091292 -45.522553 -8.325115 -29.179250 -26.531247 -40.932731 -28.227115 12.310739 -42.942383 
0.710240 -44.582519 -43.327294 -19.576223 -9.533156 -6.714386 9.965219 5.757271 -20.942383 
35.576328 -12.414415 -15.955183 -15.407691 -53.360479 -25.393878 -37.485570 -14.251622 -28.942383 
-13.186809 -5.589898 -0.373104 -27.037982 -47.934127 -44.257616 -44.209965 29.715847 -24.942383 
-14.102890 -25.983408 14.030266 -29.190690 1.525513 -6.060783 -28.404325 -24.090991 13.057617 
-3.450465 -50.131069 -21.283984 -23.482085 1.130893 20.258830 -19.917369 -33.144781 -11.942383 
-7.676644 -20.820512 14.124697 -54.797521 -38.091013 -31.124649 -15.519630 -6.910615 28.057617 
-33.178863 -6.223081 9.089140 -33.927007 -4.758000 -11.363646 1.285965 -42.558136 -36.942383 
-19.496065 -19.536447 -12.269665 -45.348679 10.827899 -20.900831 -15.628077 9.849295 -10.942383 
-34.156390 -34.253845 7.788385 1.069939 -13.172450 -0.881804 -22.718924 8.784843 -21.942383 
-41.094115 9.265177 -40.280991 -40.990232 -15.686504 -8.517256 -21.589934 6.436662 -44.942383 
-13.863664 -5.766076 5.409977 -14.031689 -30.902453 -27.464647 -2.537037 3.671770 -35.942383 
-28.721437 -20.164724 -19.033686 4.265054 -9.055657 -3.251469 -38.446094 13.699471 -49.942383 
-32.090964 0.378014 6.363674 -14.622045 -15.269704 -6.358927 -0.131651 15.914774 -31.942383 
-14.626408 -35.751291 -10.620900 -34.457109 -47.723628 -41.409984 -32.192858 -39.616862 -24.942383 
21.979490 -32.418035 -4.518751 -17.049196 -32.647453 -5.113113 -53.659789 -16.325017 -46.942383 
-10.615793 16.433107 -37.371122 -24.995127 -21.765621 -7.858955 6.969329 0.367532 -40.942383 
-35.562536 -18.048879 -11.364095 -26.116706 -53.328389 4.275904 -3.042596 19.275868 -23.942383 
-47.919603 -43.939745 -11.593632 -10.956853 -20.160991 -11.790242 -2.294623 2.774052 -24.942383 
8.632471 -24.150996 39.071817 -16.032798 -18.782569 -3.129183 -1.963875 -31.790529 -6.942383 
-18.986660 -29.910977 -17.307932 -29.293229 -12.983717 -12.516438 -42.215665 -39.126447 -34.942383 
-25.137376 -12.474015 2.545984 -0.298075 -26.658043 -29.517442 12.601374 -21.558153 -25.942383 
-12.966782 -4.116944 21.447916 -46.072932 -15.236550 -27.356104 -5.946375 -37.133158 -14.942383 
-22.666814 -1.215959 -49.338697 -29.893286 10.825032 5.745770 -14.469438 -17.053394 -18.942383 
-31.300183 -38.524155 9.456236 -10.069620 -33.091524 -16.153439 -46.088233 -13.503145 -57.942383 
-6.702139 15.240373 -26.191547 -21.095182 -14.783714 -11.161137 -23.567125 -30.812652 1.057617 
-23.477894 -13.044095 -27.257532 -9.627912 4.432137 -28.794800 -15.365742 -22.930553 -20.942383 
18.964027 -29.443863 -31.790234 -4.803142 -6.706616 -12.643604 17.967750 8.344731 -13.942383 
27.933438 -30.496689 -28.459379 -32.066204 -23.008725 -60.270183 0.077901 10.166648 -9.942383 
-44.904918 30.276376 -2.800291 11.210960 -19.233163 -0.890400 -7.117355 0.105708 -29.942383 
4.841646 -41.533183 -16.288322 -8.890366 -19.999929 -14.877993 -24.324792 -13.020129 -47.942383 
-27.432559 -32.213123 -35.552869 -36.895857 16.963746 -30.745962 -18.141312 -15.432107 -11.942383 
-20.448925 -34.902936 20.123764 -14.351221 -8.054325 1.364405 -14.883113 -2.621050 -28.942383 
19.114136 5.920845 17.451485 -21.169895 -7.421838 18.435995 -38.576319 2.168273 -32.942383 
-49.925735 -58.726886 -22.865373 -31.382653 9.440467 -39.200894 -34.447823 -15.076046 -28.942383 
-12.590554 -19.445976 -4.817532 -39.805123 -27.935366 -49.711714 -7.557519 -15.845034 -23.942383 
6.885931 -24.420476 2.509125 -28.311798 -28.398297 -69.004818 -19.033346 9.062202 -11.942383 
-7.850242 -56.088124 -46.348583 -44.559891 -9.070791 -10.615678 -53.427682 11.167447 -23.942383 
-39.966529 -1.292077 -30.136515 -63.639155 -1.551426 -21.974701 -26.376269 -14.031255 -11.942383 
-1.931664 0.228539 -33.149521 -16.915442 -21.845003 -18.378545 -26.546946 -13.169584 16.057617 
-43.748031 17.440494 -31.932195 -33.866767 29.768574 -44.461707 -4.559671 -12.982427 -36.942383 
-51.294491 -11.940247 -16.713058 -7.846408 -31.321368 6.878016 -16.039351 -15.111199 -30.942383 
-1.818030 0.238714 -41.918677 -46.522608 -2.700382 2.005055 -41.520948 31.423403 -18.942383 
-29.531156 -18.554934 -15.617289 -13.435641 -4.230515 -22.853549 -19.715216 -26.835399 -11.942383 
-4.275365 -25.825875 -53.149451 21.569766 -23.962872 -45.375692 -8.301689 -14.019588 -32.942383 
-24.958990 -38.025452 -6.941548 -40.103472 -26.272295 19.093520 11.003465 -1.566053 -1.942383 
-9.079750 -45.663498 -24.563017 -40.589714 -31.333264 -8.615448 -23.303130 -20.017443 -11.942383 
-6.539705 -8.982682 -12.438188 38.630247 -38.763436 -11.902826 22.730764 -36.658607 -44.942383 
-15.931072 21.125581 -27.053981 -0.291525 2.704533 -20.155564 -4.815239 -41.625346 -15.942383 
-6.368050 -31.975777 -26.517938 -7.654460 7.158483 12.478147 2.673552 3.367737 -26.942383 
-10.160764 -48.686402 -23.572246 22.462789 -25.519272 -11.425741 0.769069 -32.370498 7.057617 
-1.752921 -49.677620 -33.531818 1.984868 -23.783821 -26.079997 -18.567117 0.461987 15.057617 
-11.261763 19.983565 -11.678792 -23.973284 -17.503938 -8.402435 17.137348 11.081384 -23.942383 
-7.287777 -2.735109 -15.956321 -30.302867 33.984252 -9.015368 -4.570819 -19.529689 -50.942383 
-14.617749 -28.391390 -11.615573 -27.262135 0.954460 -9.878585 -27.439510 25.083590 18.057617 
27.336065 -68.579031 24.478101 -15.503936 -22.465790 -15.754548 -47.214182 -20.287541 -6.942383 
-7.222359 7.751213 -33.301157 7.252823 -30.224735 -2.111714 -1.924503 -1.638453 -23.942383 
-20.558115 -37.493171 3.051334 -57.398267 -42.870249 -53.186978 -13.572045 20.103201 -25.942383 
-5.681929 -25.752895 -48.756337 -30.063456 -29.693014 0.092594 19.967815 -10.612981 -49.942383 
-31.145262 -11.433856 -60.259806 3.898506 -18.979799 -32.022482 -52.896403 4.238626 -17.942383 
-4.325066 0.619026 -43.088267 -29.844941 -13.022874 0.017113 -2.534121 -6.103703 -33.942383 
-16.584667 -22.099750 6.720561 -17.105839 -11.080474 -23.870411 -36.175701 1.314973 13.057617 
16.229539 -15.879573 -29.085736 13.564534 0.230459 -24.373605 10.757451 -17.653683 -38.942383 
-29.065589 -23.227859 -52.421520 14.846636 -1.499327 -22.493489 11.804224 -22.688828 -13.942383 
14.637886 13.406805 -16.350094 -16.169273 -19.495402 -20.739169 -5.066384 -34.904878 -13.942383 
-12.114521 -19.604277 1.547291 -17.025959 -8.633719 24.832172 -17.231386 19.655325 -4.942383 
-28.079368 -6.695808 -62.581183 -44.625335 -28.365467 -23.071189 -11.829088 -12.041970 2.057617 
-73.903009 -3.779252 -8.732596 -18.538370 -33.564048 -26.498241 -20.455310 -27.589590 -6.942383 
-25.734270 -12.114908 3.773044 -51.169256 -20.603470 -3.939361 -7.837070 -27.214556 -28.942383 
35.319877 -14.774510 -3.516632 -61.729090 -19.062090 8.561454 -30.909530 -14.022082 26.057617 
-23.383995 -26.779568 -18.542825 -33.004106 -62.953962 -25.190896 -21.812205 -4.759994 -4.942383 
-35.481103 -28.659149 -0.407132 -44.078745 5.827002 -6.422489 -38.173360 -37.571666 -31.942383 
-23.837219 -28.411725 -0.079999 -28.705512 -5.310630 17.337143 -40.004448 -4.290982 -22.942383 
-35.954481 -13.775817 -43.808148 9.776961 -8.079403 34.663293 -24.845804 -25.149151 32.057617 
-18.565202 -32.960827 -4.718957 19.773752 -24.430769 3.038465 -47.739629 -22.739794 4.057617 
-22.743726 -12.620519 -59.308383 -14.205145 -13.338721 -17.173525 -38.434854 -48.849176 -15.942383 
2.604288 0.563287 -6.015291 -15.496056 3.820817 6.082343 -36.060535 -4.623971 18.057617 
-33.310887 -3.984859 -26.313900 -31.349168 -38.442418 -5.537635 -6.149462 -22.708175 -68.942383 
-4.724498 -13.620409 -26.625498 -3.004828 -8.514513 -17.517407 -18.787993 -38.313896 -39.942383 
32.572366 -21.728865 -6.881952 -27.451112 -15.835825 -5.147446 4.479078 15.507596 -9.942383 
15.783702 -1.432124 -28.039047 -4.302185 12.475860 -8.812096 -32.572056 -16.752112 -54.942383 
-4.008329 -3.758707 -37.066523 -19.938299 -16.217062 6.294922 22.166136 -12.119881 -27.942383 
-11.946145 -41.751127 -21.386584 -7.344177 7.975528 -23.066009 -1.453234 -2.843933 19.057617 
-53.773520 -53.010353 -32.649305 -33.135288 -10.223667 -11.045326 -3.179786 3.609476 16.057617 
-19.070434 9.922749 0.415163 -7.387681 -52.307915 -46.434806 28.831421 -30.304987 -26.942383 
-51.854910 -2.101955 -22.406039 -0.313304 -23.825171 -22.939188 -32.596793 -23.347450 -32.942383 
-5.764939 -14.376254 -18.898524 12.719147 -27.231784 -22.062123 -4.307007 -49.909106 20.057617 
-49.481051 -11.500406 -12.753942 27.273005 -1.860852 7.849348 -13.170874 -1.383847 2.057617 
2.006766 -31.188784 -17.524224 6.366368 -18.566918 -22.565734 -36.117917 14.760238 -12.942383 
-14.528471 -10.675233 -17.583480 -48.768742 24.969180 -30.678574 -16.947762 -20.786890 -17.942383 
8.258834 40.236376 11.194113 -31.640389 7.650087 -26.995595 -6.200401 -7.609345 -12.942383 
-29.838194 -3.707303 -43.522468 -49.011630 -30.010491 -34.670580 -1.418220 -34.453437 4.057617 
-43.161397 -19.574786 -36.246610 -46.911341 -41.006651 -31.134791 -0.148431 -52.699566 0.057617 
3.941216 -44.195668 -40.223970 -13.515703 -24.649705 -30.811647 -13.179179 -50.447542 -27.942383 
-23.365504 4.248605 25.364404 -32.237035 -32.426174 4.932175 -3.348670 -31.762112 -2.942383 
-54.356411 -56.366243 -9.381992 -14.380438 -33.162809 -27.461086 -6.001741 -16.314657 -5.942383 
-51.754174 -30.420597 -11.216612 -18.635187 -7.115470 -25.847020 -33.967680 -22.143579 -33.942383 
-31.747463 -32.633422 -28.049878 11.967253 2.005170 2.036060 -58.568295 -52.619345 -26.942383 
7.119000 -38.694875 -62.644837 -28.196270 -33.239526 6.693098 -35.483482 -26.905321 -16.942383 
-24.179055 3.549321 26.579530 -21.773067 -12.502046 -21.898586 0.535542 -60.708920 21.057617 
-27.606103 -22.095246 -12.876193 -27.951952 13.982779 -19.873446 -12.344532 13.398814 -10.942383 
-12.592249 4.812978 -20.394321 -15.422685 0.313275 -18.157851 -30.700640 -2.452175 -24.942383 
-33.361681 -14.575988 -48.239537 -4.796068 -16.736798 -22.458998 -23.566471 -25.404093 13.057617 
-25.895224 -25.324025 -45.803919 -3.086350 4.411535 -14.737988 -10.971929 -8.024520 -26.942383 
-34.537750 -13.794599 8.557379 -26.746523 -14.515948 -19.267672 -5.712348 -25.502077 -13.942383 
5.397419 -16.024551 -12.645937 11.860535 -25.526214 -35.747950 -2.649985 -28.395839 -16.942383 
10.741357 -9.334711 -27.581991 -9.484292 -1.833201 -26.694771 -16.646994 -17.713652 -14.942383 
-22.089660 -38.806110 2.583218 -45.729336 -36.339091 21.300093 -3.278125 -45.954449 -14.942383 
16.211286 17.652988 -29.558658 -2.834502 -6.965323 -37.787029 33.658007 -17.781796 24.057617 
-33.300561 -19.582313 -25.746460 -13.427770 2.862107 -33.872472 -8.982165 0.920468 -5.942383 
-16.517362 -33.783458 -47.451570 -47.738046 -69.830078 -39.786850 -28.193435 -14.963460 -26.942383 
-50.740210 8.696742 8.490134 -12.211278 -58.699230 -5.120537 -22.244711 -13.155274 -33.942383 
1.364267 -12.549110 -33.809228 -30.104937 -48.083325 21.128169 0.538198 -42.720681 -45.942383 
-43.571934 -42.808296 -54.014063 -18.234585 3.232025 18.518465 -19.553704 -3.823728 -20.942383 
-17.745659 -2.843155 12.457477 -34.950018 -11.157381 -51.054906 -18.468174 -29.041828 -45.942383 
-8.119011 -46.644688 -36.123934 -59.310042 -22.714175 -20.932636 -43.454573 -25.855468 -6.942383 
-44.212163 -14.206794 -28.238487 -6.343697 -5.059838 -27.687469 2.574987 -2.620942 -23.942383 
-22.264187 -26.247894 37.391118 1.539912 -37.360975 6.977648 7.653717 -17.271092 1.057617 
17.447070 -45.184540 -9.198186 3.859286 -11.004381 -0.184120 13.065685 -6.838988 -50.942383 
12.027538 8.592276 -6.125589 -40.494799 -2.840423 -18.820987 -20.689456 -25.981647 -1.942383 
-30.687522 -11.680843 -14.319517 -27.499929 -4.729801 -13.781845 -4.048070 -37.395094 -13.942383 
-11.839101 -13.070249 -27.378428 3.010711 -41.586879 4.027872 5.546857 -46.346327 2.057617 
25.972723 6.220347 5.022694 23.948290 -19.670336 -39.099959 2.354378 0.618568 -20.942383 
-19.953681 27.663556 15.378193 -49.916090 -53.714593 -22.628132 -7.269304 -35.441465 -51.942383 
-15.924803 -26.541017 9.309861 -43.382782 -13.332917 -41.079250 -34.717535 -4.973536 -29.942383 
-10.742498 36.428913 -12.340228 -22.340556 -4.559573 -48.861445 -42.841729 -39.192019 -51.942383 
-9.000591 -33.935552 -48.508767 -19.703205 -41.322375 -47.106060 6.033292 -10.833928 -7.942383 
-6.138151 -57.503301 -13.035212 -48.628793 12.081394 24.424870 -26.461829 -59.636404 -21.942383 
-9.215687 -8.785998 -25.682996 -30.857956 22.682205 8.646894 -68.443025 -46.387507 -29.942383 
-6.363225 8.542428 -2.437945 -15.349544 -38.761406 0.484390 -36.223707 -29.240285 -26.942383 
-47.606473 -8.960445 -16.241015 -65.246013 -3.702522 -33.309553 -23.029977 -17.488979 -8.942383 
6.733405 4.845522 -57.271828 -25.864278 3.412948 -45.846613 -75.844760 36.581799 -5.942383 
10.678168 -37.223879 1.451298 -5.757505 -8.975687 -23.131438 -45.576787 11.338909 -5.942383 
-13.927171 -28.670488 -8.437341 -5.111959 -13.647262 1.559121 -10.716863 -33.140135 -12.942383 
-47.384275 -25.706406 -27.351931 -8.085091 -28.875150 -39.875611 1.623384 35.685345 -34.942383 
-14.923828 -37.168916 10.645599 -20.132286 -40.302345 -4.572494 -21.914638 -48.571545 15.057617 
-31.044175 -37.253042 -7.152054 -13.588555 -11.261461 3.342365 32.836840 -33.105809 -1.942383 
-6.131658 -11.565209 3.532292 -26.585456 8.645661 -7.751816 -32.190935 43.809419 -22.942383 
-21.160743 -32.811838 -19.178327 19.403691 -52.922202 -21.393845 -30.436912 -38.846560 -28.942383 
-33.182963 -9.381761 -70.911748 -18.443780 -15.390686 -4.459314 -16.753366 -63.606966 13.057617 
-13.958484 5.557205 -6.737179 -13.262258 -22.600349 -55.537804 17.800104 -46.554324 -47.942383 
-11.053873 -19.436164 -6.898490 -31.750175 -13.995623 -19.182239 -28.405390 30.203296 -33.942383 
-11.112927 -67.117002 -16.420971 -24.741843 0.209513 -33.723646 -21.796371 -16.454386 -39.942383 
-0.557441 14.097085 -7.457319 -8.952121 -27.832076 -7.837073 -44.714547 -11.373126 -17.942383 
-25.205919 -26.329444 -7.482032 -18.442345 -16.896908 1.830736 -38.300340 6.438646 -23.942383 
3.154388 -13.535624 12.011289 8.237862 -11.809695 -11.307488 -3.209325 -4.898804 10.057617 
-36.686137 -43.511981 7.760782 -11.208013 -33.845567 -13.228599 -8.970549 -20.321250 -31.942383 
-66.740088 -54.585688 -6.593394 -34.180095 -37.966008 -46.380814 -37.107520 -41.705870 -40.942383 
-13.432711 -35.082478 -11.830840 -11.018062 -16.163679 -3.680852 -48.221658 -19.570614 -14.942383 
0.113826 -10.657641 -23.640393 -30.105128 -24.656883 -1.234729 -12.680343 8.634639 24.057617 
0.730910 32.869340 -17.167008 21.462685 -24.760689 -0.816245 -21.111868 -50.804505 -22.942383 
-28.572844 -11.881217 1.413723 -39.414458 -42.984310 -29.247222 28.305724 -2.377135 -38.942383 
-56.754375 19.501740 -19.115757 -17.407973 -56.753946 -24.560639 -14.997070 8.991332 -22.942383 
-23.316208 -30.756442 -7.566822 -13.972356 -12.700719 -11.124640 -0.008764 -10.994209 -36.942383 
-11.242411 -13.023349 -20.466395 -14.443397 -23.490798 -40.469331 -38.969024 -12.811141 -7.942383 
-6.930770 -50.177359 -49.142854 8.697830 -26.637910 -15.879520 -15.482429 -7.983714 -6.942383 
-32.292844 8.043400 -13.763156 -33.289108 2.870128 -18.207368 -21.894018 -24.212354 -12.942383 
-6.910938 -38.714936 -9.934646 -12.618089 9.261367 -43.612188 -17.119525 -37.603631 -61.942383 
-17.084088 -55.156379 -28.913481 -68.618755 -24.035256 -0.229957 -37.210890 -21.721945 22.057617 
-35.543664 -44.141334 -21.825040 -39.946723 -26.355716 -11.193220 -14.854657 -10.309384 -46.942383 
6.908015 -66.786109 -55.154132 -53.066534 -2.648448 -39.699619 -12.652127 -23.117659 -44.942383 
-14.753586 -27.699348 -26.569182 -40.064347 -14.590472 1.025562 -32.556790 -37.271878 -29.942383 
-6.167606 16.770431 -30.267664 -3.468448 -37.356029 -34.970723 -50.987625 -12.430018 -24.942383 
0.924350 -37.834370 -15.478383 -10.060602 -8.341600 -46.613474 -20.374522 -30.552319 -24.942383 
-42.764158 -25.605526 -7.115165 -34.999376 -29.150956 -34.644517 -16.984644 16.535267 -30.942383 
-53.738721 -45.448966 -27.252611 -26.508074 -0.840467 -4.485139 13.136843 -18.755954 -15.942383 
-28.294468 -34.088495 -1.225119 -10.740758 -35.152331 -39.637605 -4.980901 -25.072119 32.057617 
-21.768736 -23.871245 -14.927181 -21.154664 -41.453626 -10.635278 -11.993854 -56.850459 -25.942383 
-17.431649 -43.794189 -40.342666 -23.567659 -50.897665 -6.368498 -27.667077 -24.058966 -22.942383 
-13.076963 -8.938988 -25.705943 0.023289 -15.593666 -7.460670 -18.917687 0.432577 -7.942383 
-84.050493 -14.289670 -25.884310 -3.316226 10.391338 -52.544247 -29.210072 8.036759 -42.942383 
-29.344990 -11.311590 -38.679491 -23.118771 24.885714 -35.999288 -37.857082 -29.729533 -13.942383 
-30.048363 -14.930174 -20.775906 -29.860292 -6.303728 -35.811878 -38.879850 -28.892248 24.057617 
-8.591294 8.431045 9.958827 -19.311845 -28.200682 -12.442574 -16.834503 -30.946659 -14.942383 
-3.098684 -6.239017 -22.957959 -17.879963 -55.368087 -17.736762 -22.184036 -3.502727 3.057617 
-17.155992 -0.466559 -13.625445 -26.853818 -42.281570 14.377302 -32.564578 -9.576975 12.057617 
-43.420700 -40.582360 -12.130791 10.811341 4.185952 2.382391 6.697213 -21.001571 -20.942383 
-34.597188 7.796840 4.862674 -16.127038 0.254020 6.222898 -22.149265 22.951299 -36.942383 
2.359507 -25.923078 -36.466658 7.900146 -46.483212 -5.247952 7.815824 -30.469689 -4.942383 
-13.949569 -24.257435 4.373791 -47.098363 16.917741 -44.165729 -44.911316 -12.372469 30.057617 
-6.650890 8.629773 -26.189629 -6.666594 -15.427786 -50.052746 11.987816 -31.414804 -9.942383 
-32.329471 3.755451 -22.210252 -22.662741 3.149153 -9.522406 3.629349 -23.004611 -7.942383 
16.099724 -20.236898 -26.316715 -23.218252 18.110406 -16.919445 -7.189204 -19.605505 -23.942383 
-0.271892 33.535396 28.974789 -0.004118 -12.490727 -3.228755 -28.284773 18.896753 7.057617 
-2.390326 -33.870827 -40.526886 -17.580109 -6.131998 -29.186870 -21.084327 24.151299 -5.942383 
-27.891601 6.230777 -26.230549 -12.190311 -29.641610 6.194823 -26.207765 -10.565032 -39.942383 
0.972251 -46.134275 -4.185409 -23.533218 -8.511850 7.658720 4.575705 -43.601399 -10.942383 
-5.150256 -12.660037 -10.776005 -40.163558 -3.482060 -4.398701 -48.043671 -37.277288 -8.942383 
-31.664976 -4.420251 3.922004 49.231856 -35.630017 -9.595684 -22.158443 -15.309265 -8.942383 
-44.653718 -33.464389 3.069673 -0.507384 -20.109236 -40.992518 3.058639 -41.977772 -13.942383 
10.190506 -21.955632 9.494673 16.066003 -16.656349 20.788566 16.165345 -7.235405 -27.942383 
-32.623726 -1.913716 -71.814487 2.128564 -28.550508 -46.410423 -11.958574 -22.355322 4.057617 
-42.282974 -3.115337 -39.891622 10.882350 -27.370043 10.161457 -3.912991 -24.774074 -30.942383 
-29.652391 -45.196113 -42.444719 -16.953588 17.820794 -8.920211 -21.046881 0.230248 -23.942383 
-37.366476 -5.792828 -16.285684 -36.960941 -35.414243 -1.514474 -10.285368 -14.299491 -15.942383 
-12.809384 -29.332664 -8.469414 -16.955193 -20.143915 -42.344588 0.292495 -3.158829 24.057617 
-31.747748 -58.166799 12.384594 13.641835 -40.537092 0.526949 -67.075027 -49.272484 -49.942383 
14.297343 -5.683852 -20.556022 -14.211919 -32.253548 19.819465 3.876089 -0.906568 -20.942383 
12.400355 3.299851 11.052328 -51.906973 0.471871 -1.193149 -46.276632 12.630909 -45.942383 
-27.132326 -15.310951 -38.278476 6.306942 -16.870626 3.429190 17.807685 -14.433374 -34.942383 
-16.935193 16.706641 -6.059723 -10.361514 9.255644 -17.706753 2.303544 -16.382056 20.057617 
12.745675 14.250686 -46.849916 -12.292852 -3.974592 -39.184008 -10.842783 -9.403844 -42.942383 
10.968041 -22.228345 14.055643 -12.847183 14.907572 -41.513567 -64.791824 -53.278038 -50.942383 
-32.446841 -33.704904 -6.579787 -27.834596 -11.824802 -26.149136 -24.576930 -51.714284 -16.942383 
-12.218657 -37.643499 6.426382 -20.945440 -35.544292 -16.339576 -13.423168 1.290328 -20.942383 
-11.492577 -46.233453 -17.685278 -8.201143 -9.711051 -11.522494 8.484052 43.728907 -14.942383 
-22.166297 -33.719951 -34.747479 -21.277303 -24.021080 -79.331767 -17.153648 -1.786377 -19.942383 
-22.931261 11.357565 -40.016922 -46.877051 -60.043342 -8.341336 -10.023694 -33.190225 -51.942383 
-40.586575 -53.599655 -28.084035 -14.844440 -18.415955 -27.902111 -22.615967 -18.837469 9.057617 
-40.717891 -26.853394 -35.595635 -12.329584 14.298320 -30.727014 -10.012625 -43.757653 -22.942383 
-17.449398 -63.190171 -25.968532 -33.767859 -23.188253 -29.363980 21.041775 -47.405241 -18.942383 
-39.759544 -8.514318 -9.113515 -11.983630 14.331487 12.098670 -17.356553 -9.410142 -49.942383 
-28.426268 -34.895662 10.955959 0.679267 -24.476416 -17.599875 -37.431262 -21.649338 -34.942383 
-31.122335 3.722810 1.735789 -9.326146 2.690017 -0.031610 -14.313420 14.813384 -6.942383 
-2.264055 3.823302 -15.310527 -32.351657 -40.624353 -23.937610 -63.414015 -61.994307 -5.942383 
-43.468941 -15.584070 -36.457236 -4.961594 -32.780003 12.305700 -3.474118 -19.668989 -38.942383 
4.064216 -27.054140 -50.965880 -59.331311 -12.496923 -17.584542 -63.986129 1.144234 16.057617 
-18.417863 -3.800446 -2.182162 -42.769363 -25.579087 -44.054277 5.633778 -31.832307 0.057617 
-5.080316 -2.612722 -5.147534 -11.952273 20.405360 -82.819666 -45.492812 -24.138424 -10.942383 
-30.446313 -14.147382 6.603390 -31.932778 -29.412255 -29.518836 3.068052 -34.403632 -41.942383 
-33.616938 -18.861705 -6.487355 -8.008247 6.496847 -30.459140 9.052487 -10.538222 6.057617 
-28.884985 -33.999723 -0.047938 -17.953695 -35.356755 -32.091530 -35.261545 9.221200 0.057617 
-43.260340 -34.625176 -59.175840 -34.731783 -16.945876 -3.571095 -29.252825 -8.175012 -46.942383 
-6.361544 16.612275 -57.919972 -35.067230 12.672481 7.944598 -8.227828 -4.516769 5.057617 
-2.759793 7.712316 -30.477321 -4.705552 1.802912 -33.316440 -19.602091 0.076707 -21.942383 
-24.173431 -1.730535 -37.349557 4.277356 4.858075 -4.916414 -40.257977 3.063324 -45.942383 
-34.557875 -6.547668 -13.809489 -31.650192 3.354606 -32.795886 -37.575892 -43.479125 -26.942383 
-50.054089 -44.967536 -3.018898 -8.430086 -48.940750 4.390968 -4.666954 -7.492116 -24.942383 
-20.774639 -13.681948 -5.437854 -16.204817 -2.296086 -27.888656 -63.705862 -18.903678 -16.942383 
-24.949928 -9.576643 23.689301 -27.243031 0.802729 -43.410191 -12.892293 -18.065922 25.057617 
-20.965092 -43.970224 -12.098141 -19.247620 -25.684362 -34.719125 -37.505797 -33.735596 -66.942383 
-22.630328 -15.530565 -28.945550 33.869698 -21.205209 -29.814733 10.132269 18.100187 -20.942383 
-39.361225 -0.994866 17.967123 -25.540800 8.264865 -7.026015 -19.007067 -27.991757 -8.942383 
-8.105600 -13.239707 -23.445981 -29.835419 -30.775161 -19.266256 -66.634578 0.145568 -32.942383 
-17.764772 3.981757 -13.269857 -22.940023 -20.111046 4.861385 -16.174468 3.736346 -7.942383 
-10.935347 2.617862 -28.893864 -18.431778 11.304087 43.545743 -23.512661 -60.171462 -52.942383 
-52.901487 4.810864 -11.048130 -3.746381 -26.623789 -32.796071 -0.198414 -22.766731 -11.942383 
-14.454601 -10.373317 -29.442720 2.364463 -25.735501 -49.949016 -18.591716 -1.759450 -52.942383 
-32.994831 14.738925 -20.927360 -14.375181 -30.695614 -33.532589 -1.988428 -52.669689 -43.942383 
-46.263890 -1.404585 19.340905 -21.979151 -17.659479 -30.544510 -45.958164 -20.139543 -41.942383 
-10.362847 -0.203663 -15.839134 -25.173762 -30.444106 -51.092408 -26.021245 -14.494477 -9.942383 
-30.472109 7.188524 -45.212356 -21.879115 -39.077183 -34.577252 -9.518696 0.537155 -40.942383 
-41.288498 -4.846699 -28.616006 -44.341664 -2.805502 -9.066658 -21.405390 21.100058 -22.942383 
-17.124163 -27.081673 3.807165 -40.235182 -24.275884 -25.779239 -26.210306 -64.133601 -38.942383 
-34.712274 -15.154669 -15.437254 -10.705013 -36.548480 -28.525992 -16.174028 7.501166 -32.942383 
-5.181019 -50.104553 21.144086 1.808783 -15.849432 25.875180 -2.160378 -11.032235 -1.942383 
-36.663848 -1.733465 -3.747106 -20.442641 24.971217 -5.999326 3.449473 -15.939086 -16.942383 
-47.229710 -56.199212 -19.851914 24.526516 -24.069560 1.100099 18.329963 2.230241 -17.942383 
-31.461406 -12.282798 0.344728 -0.144153 -6.006623 -9.313986 -9.662966 -38.799395 -14.942383 
-58.702024 -41.631773 -7.137019 6.700661 -22.148619 -7.525842 -16.234732 -2.732862 -34.942383 
-30.137243 -39.351619 -44.715506 -42.551902 -9.948725 -36.903497 15.267629 16.743770 16.057617 
-3.288809 -23.766599 -58.250844 -38.210827 -6.385840 -7.648037 -27.043195 3.233496 -37.942383 
14.226531 5.079262 20.221064 -27.261838 -26.303869 -23.330675 -32.190747 19.459941 9.057617 
-22.246955 -27.624218 -29.712978 -17.673155 -2.204876 12.511820 -24.761004 -21.645092 -30.942383 
-24.888594 -29.755333 -28.886438 4.790695 -73.643582 -44.398360 -12.659187 -19.110760 -3.942383 
-30.940859 -16.043490 -2.855469 -35.072060 -13.162567 -46.845734 -23.459516 -20.620938 -18.942383 
-11.200468 -51.931284 -33.900845 -19.492750 -48.718296 -33.878959 -25.508153 -25.205313 -39.942383 
-4.989552 10.571562 -18.664607 -19.467236 -37.278492 -12.994397 -36.919458 -31.548322 -2.942383 
-22.171478 -49.773224 -29.123616 -18.249027 -18.480604 -20.957424 -18.846958 -16.197578 -30.942383 
-47.243578 -10.149745 19.575429 3.496224 -53.788417 -21.499414 -8.608519 -33.526086 -45.942383 
5.777846 -29.942657 -23.713559 -35.987713 -55.466765 -6.118876 -30.182563 -8.738362 29.057617 
-23.582273 -28.093706 3.440195 -27.959603 -6.590886 -47.996962 -37.966418 -58.189419 -8.942383 
-6.964800 -50.449431 -17.015987 1.355546 -40.673287 2.993873 -21.632288 -38.723763 -39.942383 
-20.776666 -50.683460 -42.246759 -36.509191 -52.929504 -35.839855 11.272925 40.039894 -26.942383 
-46.629833 -33.083864 1.179826 -19.121655 -16.206148 2.217485 -24.098054 -32.012842 -4.942383 
6.613038 -11.013694 -26.395149 25.215971 -10.785949 -28.899480 15.844512 -37.394800 3.057617 
-35.967873 -26.843731 3.199725 -22.231307 -2.233064 -11.278265 6.527253 -6.715570 -20.942383 
6.487820 -41.709624 -55.366167 -34.005490 1.908840 17.795153 -19.326580 -15.427881 -19.942383 
-19.314408 -8.899675 -23.432210 -4.171276 -9.849889 -23.841302 -11.089172 -14.143594 -2.942383 
-18.321426 -18.434062 -25.119919 7.160641 28.530878 -34.437783 -15.790352 -18.268190 -30.942383 
-24.046406 -12.512389 -1.566791 -39.474216 -35.640751 -6.382763 -9.052395 -57.046721 -12.942383 
8.510306 -25.503292 -20.979981 -15.579669 -65.143352 2.764442 -10.678169 -24.429014 -3.942383 
-26.736077 -42.822746 -64.052729 -49.189767 -32.761913 -58.163722 -18.850484 -37.738251 -8.942383 
-16.048419 7.911666 11.741758 -9.311709 -1.294797 -14.996347 -33.828784 11.292298 1.057617 
-14.443684 -76.509435 -12.188297 -26.862304 -27.221839 -41.062580 -17.629815 -29.319417 3.057617 
-27.754372 -16.986717 -36.556367 -6.271768 -23.088588 3.691322 16.688793 -58.915769 4.057617 
-41.830817 4.524704 -42.602922 -38.551998 -5.993161 -57.895602 -21.052158 -9.516654 -17.942383 
0.813067 12.747564 -0.331123 -31.051395 19.679408 -15.633522 -19.823716 -11.717133 -44.942383 
-31.252314 -8.771377 -12.521861 -32.672676 -56.394485 15.228011 -22.953226 -40.129309 -11.942383 
-23.467190 -23.123618 38.754287 -37.813088 -27.587297 -23.457818 -25.724545 -15.774332 -18.942383 
-5.130065 -4.121350 16.758532 -15.901258 -7.139322 6.451533 -34.910449 7.786505 -17.942383 
-25.498989 -15.698965 -49.035617 -35.520987 -11.827551 -26.375298 -53.246098 14.143135 -30.942383 
-49.322886 22.238395 -12.336947 -54.098568 -20.868593 -39.500564 -11.284114 -14.553043 -39.942383 
-42.009948 -24.822789 39.057786 -5.961228 -46.502599 -7.658650 -11.373278 -31.812000 -41.942383 
-51.006901 -7.992193 -15.777030 -42.223446 -15.708828 -23.867188 3.295654 -4.790927 5.057617 
-14.601545 -14.877718 4.074453 -0.280485 6.049947 -23.425581 -16.865264 -47.441297 -56.942383 
15.848407 -40.037679 -48.963346 -12.187169 -31.489303 -21.948348 -75.422056 10.259867 26.057617 
-12.651775 -16.516238 18.646901 -1.738011 -22.105975 10.113912 -16.319260 -7.756788 -10.942383 
-15.664445 -0.167081 -4.343803 -37.583261 -1.175424 11.706262 -10.836192 -13.108010 -44.942383 
-8.359192 17.236326 -56.353785 15.988800 -31.699263 -26.573940 -31.584319 -47.050136 -40.942383 
32.746672 -25.616845 -9.450540 -28.316691 28.157944 -2.688237 -7.515995 -23.966495 -16.942383 
1.125294 -29.513990 -0.729109 -16.764894 -38.823168 -37.961041 51.889531 2.096742 -4.942383 
-17.849479 -46.159403 -24.579077 -45.904747 -0.341720 -35.744360 -25.596969 -34.413871 -27.942383 
-38.305687 10.898984 -1.535909 -25.729012 -12.735453 -11.421464 -19.696766 -1.917997 -45.942383 
-22.112842 20.202429 -53.731176 -10.771056 -47.171742 -28.817125 4.372852 -49.208891 -4.942383 
-63.080800 -51.390441 -9.776650 -18.916281 -14.553767 -19.188957 -31.912047 -59.135064 -31.942383 
-25.357068 -11.892692 -33.674689 -39.703490 -32.943670 8.136216 -6.764184 17.237416 -43.942383 
-27.299718 -0.614509 -5.504082 28.235878 -43.132352 -27.309377 11.143169 0.238256 -20.942383 
19.585752 -47.912859 -48.705907 -15.891784 -75.440790 -21.042096 -41.083922 -18.330962 19.057617 
-13.245352 -26.504081 -20.618402 -19.628753 -24.246518 -25.544250 1.881050 -17.921594 -23.942383 
-9.586064 -19.588876 -5.215045 -6.439915 -55.702338 -36.796930 10.799685 2.339025 -48.942383 
-23.603649 -40.521405 -45.535416 -38.421527 12.550455 -8.957806 -14.439961 -17.352654 -30.942383 
-8.564085 -75.556376 -18.082444 -56.431419 -33.306636 2.956424 -13.764965 16.438274 -1.942383 
9.032013 -15.734540 -35.474868 -13.680819 -27.094379 -9.436471 -17.159556 -23.405845 4.057617 
-7.948875 5.038494 -48.949370 15.325693 -12.838097 2.538309 -59.828232 -25.510582 -50.942383 
-14.066112 -6.202504 -18.273356 -30.407687 -18.992237 -3.760190 -19.688702 -35.915150 -25.942383 
-46.795861 -1.850767 -6.153305 -40.460102 -6.731832 -20.110196 -9.088005 -24.756741 2.057617 
-19.696190 -38.334406 7.339555 -0.407125 -19.054413 -13.376207 -35.339431 -19.916438 -33.942383 
-24.918177 10.190091 -24.850723 -42.820194 -24.516042 -16.599639 26.366788 -14.990943 -5.942383 
-24.365400 -33.932049 -18.775489 3.475507 -19.544253 -27.639610 -3.932528 27.012726 -9.942383 
-25.156442 -14.504066 -60.886644 -26.387794 -15.203331 -15.675763 -39.439254 -5.994183 2.057617 
-28.890680 -48.435355 -19.632201 3.029423 -23.635265 -3.271480 -17.385150 17.706725 -8.942383 
21.886181 -2.014557 -14.782821 3.025788 -17.715465 -9.518005 -35.489955 1.206922 -39.942383 
-40.377329 -38.193120 -25.943866 -36.213850 17.293003 -22.492089 -6.625015 -29.778287 15.057617 
-4.767282 -32.205774 16.042714 -8.428330 -7.268950 -33.792858 -11.779163 -9.063491 5.057617 
16.966803 12.391025 -30.079382 8.044166 -17.053663 -16.945750 -13.086260 -35.042814 -26.942383 
-17.515947 -1.247164 -25.882735 -66.214478 -19.558493 -16.074834 -0.014136 -34.926708 22.057617 
-15.117778 -39.567989 -54.502504 3.464963 -22.718662 -4.484945 -8.542088 -3.855960 -39.942383 
-15.585300 1.809661 -21.317114 -13.320359 -41.356778 -30.555123 -37.363434 -0.601222 -29.942383 
-51.094286 -35.150358 -13.161566 -4.954949 -3.558935 7.027722 -28.969305 -48.157454 -20.942383 
-33.366185 -33.796887 -28.374778 -3.118680 -13.590423 -16.694655 -15.398078 -42.714974 -1.942383 
-41.982230 0.768807 -27.274190 -55.082763 -15.667820 -56.390430 -19.357846 -28.591151 1.057617 
-23.097024 -19.764075 -20.174233 -7.867443 -29.095024 -28.770307 -40.615211 -51.638087 -11.942383 
-28.517399 -22.190219 -24.028341 -13.754040 38.949079 -17.600881 -3.548042 26.963714 -4.942383 
34.538944 -35.475065 33.605655 -62.906370 -22.732798 -12.209498 -23.208661 27.582381 0.057617 
-21.275446 -14.100066 -9.256777 2.355718 -57.515263 -10.774655 18.205806 -34.159091 -21.942383 
-11.505060 -30.793200 -14.806336 -64.125592 -22.292508 -17.348919 -1.729538 -29.417475 -43.942383 
-17.040730 -20.090620 10.243056 -23.753442 19.247457 4.036000 1.469158 -21.739796 -4.942383 
-49.057726 10.127704 -24.118882 -13.524232 32.727658 -34.466848 -5.737030 -0.228302 -15.942383 
-2.036126 -65.809700 -34.954895 -43.157377 -14.743872 -17.591296 11.314180 -12.658813 4.057617 
-6.781129 16.242371 -23.176419 -2.050239 -27.159064 -33.654658 -22.253441 4.853967 6.057617 
-27.474274 -38.196928 -2.245930 -4.104578 -26.442479 -29.614162 -44.450105 -31.741118 -10.942383 
25.436943 -38.595164 4.241558 -19.708948 13.148836 14.224829 -37.441096 -21.320940 -25.942383 
5.015734 -60.616970 -38.942434 -17.127304 -11.382634 0.550989 3.580171 -35.902833 29.057617 
-13.727753 -57.318383 -51.914756 -7.915389 -4.685408 12.515324 -19.338886 1.641376 18.057617 
-9.365030 -23.102949 26.329673 -28.247704 -29.786056 4.755540 -30.155389 -31.548542 -13.942383 
-16.892719 -43.866968 -22.932685 -14.878691 -30.662287 -29.058552 -12.806176 -34.005999 -76.942383 
23.758263 -22.299890 -18.219604 4.661481 -8.712005 -52.937419 -26.452590 14.231964 -32.942383 
-52.844011 -13.238004 -0.771254 -36.740889 -28.527899 -19.193205 -55.273975 -16.719067 0.057617 
-14.873522 -44.640066 -35.486296 -40.805582 36.418191 -19.999423 9.254422 2.738285 8.057617 
-37.754980 1.984507 3.507816 17.301710 -21.957408 -10.020695 22.788871 4.321143 0.057617 
-35.535555 -8.701227 -31.299290 -5.370609 -7.669992 28.169982 -28.952361 -9.750372 -46.942383 
-10.585167 -37.834284 -20.996074 -25.346440 -37.177793 -41.503768 -56.723678 17.704948 -14.942383 
-11.398019 -18.235472 -25.793026 -14.697519 -33.116570 -18.067310 -22.833523 26.070355 -25.942383 
-27.199002 -46.440814 -35.617088 11.680517 10.240744 -44.988175 -12.058440 -42.684147 -24.942383 
-43.560962 -12.624089 -34.030805 -22.014739 2.667071 -37.355650 -24.581972 -59.362996 -21.942383 
-31.449036 -8.794751 -26.642702 -20.351152 -13.336670 23.622911 -17.925668 -31.220802 -14.942383 
-12.248461 -43.464469 1.537136 -20.015874 15.577002 -2.437803 -58.275899 8.081836 -21.942383 
-17.985201 -19.291362 -47.026922 -39.671047 -33.177955 3.112231 -10.187032 -38.912162 -19.942383 
-38.562938 -6.382647 -10.676225 -3.016959 23.192010 -44.592877 5.168563 -53.911019 -19.942383 
-14.791264 -47.005882 -48.110539 0.201523 -10.445426 -1.687218 -70.373640 -22.566958 -27.942383 
-14.124114 -30.536184 -44.492664 -21.269343 -24.532349 -8.425397 -42.492127 -10.634889 -34.942383 
-22.300374 -18.786824 8.708553 2.526986 13.944087 -22.083901 -6.368449 -14.526172 -17.942383 
-17.417187 -31.646326 1.432795 -21.451370 -68.143463 -13.508303 -20.845320 -10.808127 -2.942383 
-16.683351 -20.495061 -21.557084 -40.898541 -31.195744 -73.422063 -30.856348 -73.181344 -10.942383 
-38.043287 -19.922245 -16.219879 8.553536 -1.153245 3.822143 -49.023824 -64.387034 -9.942383 
-22.227951 16.026986 -41.232666 8.263903 -6.464456 -13.036204 -37.921136 -37.418314 -48.942383 
-20.076037 -19.812396 11.524583 -17.982390 -29.054012 -3.843477 16.520184 -13.243510 -12.942383 
5.646479 6.548637 -13.167239 -22.816242 -11.647942 -23.962455 -31.064358 -9.098943 -43.942383 
-12.380785 -55.119422 -4.747164 -35.939198 24.334924 14.791181 -16.862875 -9.153585 -32.942383 
-58.400099 -48.900893 -15.527574 -49.949254 -19.303035 -4.626072 -21.303314 -18.543686 17.057617 
-7.916393 -0.480111 3.724779 -44.086378 13.516039 -41.662209 12.896794 -30.173938 -8.942383 
-2.266233 -43.935414 -12.287012 18.533527 15.633457 -24.649755 -9.649748 -5.403509 -8.942383 
-25.124922 -7.255966 -11.043097 -52.914940 -55.362302 1.314600 -20.791850 -23.943323 -9.942383 
23.869422 0.624752 -41.668293 -11.039791 -8.558491 -3.877713 -9.702147 44.267389 -9.942383 
-9.292016 16.376010 -58.185582 16.559836 -26.713323 -34.527088 -30.669069 -11.210182 0.057617 
-43.150621 -41.960442 -11.188934 25.104183 -46.806604 -53.115056 -31.474158 0.325346 -23.942383 
-43.733100 -10.036427 -16.826040 -34.759493 -28.153783 -23.287826 -17.113583 12.978544 -22.942383 
-46.230898 -2.952335 -51.446822 -8.059005 -2.733003 -20.065254 -25.835061 -8.624122 -10.942383 
-4.855063 -21.545499 -1.170884 -41.300085 0.936521 18.082646 -6.840258 -12.596268 -54.942383 
-37.675747 -39.887886 -28.667233 -19.737596 -35.856300 -7.454077 -5.149433 -34.595811 -3.942383 
6.373655 -19.817927 -25.813577 4.309524 -0.600381 -26.980068 19.971566 -33.144379 -2.942383 
11.048574 -10.918259 -33.813030 -25.833078 12.129857 -41.015752 -62.741739 2.637085 -24.942383 
-6.399654 -21.890642 -35.420209 -44.484720 -32.494693 4.757424 -20.195096 -42.374825 -9.942383 
-23.478216 -35.487771 -10.980432 13.511933 5.838085 -17.391962 -47.648809 -17.952186 -33.942383 
-29.209618 -27.622318 -14.655623 2.568278 -8.187679 -3.437872 -34.181314 7.828993 -45.942383 
-4.590673 19.035353 -49.649240 27.362896 -13.364841 -7.030628 -0.669985 -13.909763 5.057617 
-13.406412 -36.982596 -44.721834 -8.961767 -7.548063 -26.823431 -50.855018 -54.193541 -49.942383 
-8.131747 -1.568572 -36.474401 -58.400570 -48.497375 -25.643132 -9.270520 -6.513129 -11.942383 
-41.873955 -19.949890 -10.923231 -23.659812 -30.229709 -61.555756 -9.458182 -17.346369 -0.942383 
-18.292622 -13.513122 -17.659334 -5.687134 -51.881358 -14.352197 -2.424534 -18.525682 -24.942383 
-20.836045 -40.635541 -8.426492 -33.077057 -62.666598 1.192048 -11.234042 -37.032306 -10.942383 
-4.246869 -14.961732 3.421650 24.519358 -15.714506 -18.093489 -45.920047 -43.899701 13.057617 
-18.899521 -25.472534 -28.537691 -23.348414 -28.013506 6.006201 -12.006184 -2.989414 -21.942383 
-31.201544 -0.992870 -24.984198 1.476812 -5.681404 -41.830559 -34.893099 9.555668 3.057617 
-12.902440 -33.940628 -16.373811 -32.918458 -4.210208 -45.761636 -9.300975 -35.088318 -23.942383 
-19.018537 -29.566915 6.990690 -5.011646 28.423640 13.044935 -16.526794 -14.163870 -2.942383 
-29.917901 -8.215462 -17.681235 -27.540043 -24.195656 -11.208626 -47.743946 -8.775453 -36.942383 
-5.516573 -6.052733 -15.301198 -27.609473 -1.216465 -23.139938 7.259123 -20.976118 -39.942383 
-23.627157 -21.663120 -34.208295 -0.222005 7.434399 -7.278484 6.070624 13.004282 -9.942383 
-14.798098 18.865332 1.387490 -40.226173 -17.964223 -12.438710 -2.038376 -5.016607 10.057617 
-11.527182 -13.488155 -37.331596 7.897306 11.079952 -37.697668 5.421786 -38.346075 -14.942383 
-17.993399 -15.418897 -38.103915 -44.917452 8.873723 -26.613751 -37.638703 2.069272 7.057617 
-23.036765 -37.419678 -2.912244 -3.733387 -6.159634 3.818420 -10.620895 -47.956949 31.057617 
-55.945011 -54.945359 -21.729039 -12.892573 14.840429 -27.358061 -16.785613 6.279756 -9.942383 
-32.783519 -6.327852 -13.506209 -29.867918 -15.780052 -3.269153 -32.595659 1.651633 -25.942383 
-32.409583 -55.143095 -28.426529 4.946621 -44.326256 -23.001007 -1.245694 -10.357469 6.057617 
-17.993612 -14.024467 -1.676504 -42.011746 -1.372187 -29.303748 -33.558892 -25.626813 -12.942383 
4.573508 -3.605794 -7.556600 1.540697 3.213145 -26.424519 1.047200 -45.889620 -17.942383 
-38.688822 -10.995736 -60.231426 -31.964247 -70.027428 -59.201762 -47.130531 -54.908873 -48.942383 
-43.067006 -6.815577 -10.722274 -60.755840 -22.558705 -59.537732 -21.865881 -31.965140 -31.942383 
-7.162050 -78.242785 -52.003070 -58.784738 -27.168937 -20.156418 -23.158543 15.694587 -40.942383 
-40.280992 -43.360334 -22.601453 -57.070917 -28.991762 -40.302988 -19.738923 -67.988422 -11.942383 
15.481822 -1.559149 -66.636045 -0.580225 -14.481039 -27.169954 -38.943127 -27.157512 -72.942383 
-39.361416 -28.096221 -47.640324 -40.492086 -14.390438 -11.870020 -53.847230 29.290522 -18.942383 
-23.143221 -45.919107 33.311302 20.770414 -6.802016 5.038734 -41.624198 -28.962776 -25.942383 
-38.675092 -27.900109 -34.587563 -16.495706 -12.629410 0.434255 -7.378981 -14.787112 -17.942383 
-16.061414 -13.605402 -8.227032 -24.756837 -17.382261 -12.280363 -31.503223 6.047432 -6.942383 
14.981928 -43.712911 -29.990071 -43.622500 -31.716163 -49.224884 -21.955289 -33.957508 -5.942383 
-56.504345 -34.823208 -17.858703 -56.316756 -48.371298 -9.430151 6.911872 -13.185601 -61.942383 
-21.064617 -50.029835 -13.099157 -44.533358 -11.128007 -1.429762 -0.724448 9.868285 -5.942383 
-49.425853 -21.777910 -31.122549 -21.290259 -19.095962 -14.945248 -35.690596 14.517262 -28.942383 
-55.888121 -25.627819 -16.733469 21.153397 -23.915204 -40.911441 -51.977839 -52.278725 -15.942383 
