13.047250 18.506539 47.910472 55.251930 56.187754 22.855665 58.329385 39.180450 58.057617 
-13.698763 -20.821163 -41.322505 19.000102 17.250081 -39.065657 -9.433647 -21.573325 -2.942383 
60.284574 64.018082 40.437944 57.698798 0.655266 47.783281 63.834326 55.516748 25.057617 
-0.983592 -78.003251 22.508754 -28.870011 -27.864794 -3.875372 19.955878 -29.579850 -0.942383 
44.552353 41.493964 65.371127 22.572360 58.478108 55.281880 36.183106 37.838875 -22.942383 
-12.400538 -30.178661 -27.493696 -4.519384 -33.010278 2.968079 21.435773 -50.147576 -34.942383 
69.077522 -3.351773 42.963714 10.104458 18.561374 59.108201 69.298473 13.067743 26.057617 
3.893545 -1.770578 -11.358456 -20.698632 7.795373 -2.738295 5.336912 -18.188694 16.057617 
15.703987 73.267847 63.544483 39.361853 18.776898 20.925897 50.188238 63.245859 41.057617 
-25.284675 -8.772107 -33.612884 -45.588635 4.407096 -33.494447 14.087402 -43.898032 -20.942383 
1.941005 74.332972 63.440755 32.407158 54.290598 50.678524 14.084049 13.597401 28.057617 
25.682091 -50.293940 -15.401932 -47.584732 4.366342 32.749336 -19.598207 -2.213186 -17.942383 
38.626650 50.919460 24.746729 5.948545 59.055085 29.158094 59.810352 80.970616 99.057617 
-27.612863 -28.434793 19.041024 -31.861265 -26.779540 -32.806653 -7.583331 -22.900970 -12.942383 
6.159433 50.335701 67.971727 30.045507 65.490829 93.719823 23.019174 15.857670 75.057617 
-0.242314 12.616732 -18.102578 -8.594314 4.819579 -16.919296 47.798432 -0.908210 -15.942383 
74.416386 23.998159 43.704509 28.428653 7.383827 72.765358 33.802826 13.321836 15.057617 
-22.531902 21.715315 12.247074 -6.115461 0.364491 8.382367 23.026679 3.443424 -7.942383 
50.480028 50.322725 74.352163 74.846642 25.435181 27.309892 29.514718 48.301216 76.057617 
4.609287 -3.178276 -12.648611 16.701291 7.273360 -32.798764 -39.899487 -13.351499 -29.942383 
48.973496 10.497301 63.217888 43.589238 39.945257 36.880499 26.609691 22.805340 65.057617 
46.620770 29.015882 -29.841899 -5.234902 -26.673228 -10.177105 15.822629 14.295847 -22.942383 
74.234557 38.005853 29.936707 33.692169 42.224367 27.943805 36.462726 37.124754 36.057617 
-27.116339 -26.653094 -18.427003 5.885272 19.646798 -26.483405 -32.773477 -39.252809 60.057617 
33.771877 17.977426 36.256502 90.063906 37.254695 44.713593 83.010825 50.810356 32.057617 
-36.617355 15.716412 -24.953111 -22.193481 14.913586 -36.024029 1.877635 -18.079462 3.057617 
42.924994 34.719668 52.244104 96.179926 53.418873 41.070353 16.921791 22.762394 40.057617 
2.578097 -11.958968 -35.098986 -16.317997 -21.288816 -6.192031 -22.637520 -16.090021 -9.942383 
31.895307 71.747037 61.050956 15.822925 35.696945 54.385124 25.380932 41.666200 65.057617 
-9.978985 -3.831062 -44.943222 -2.803019 -20.103358 -16.897139 -18.292694 2.049860 -25.942383 
66.859253 46.422656 50.975355 23.491519 26.264248 66.464505 41.864702 2.576401 72.057617 
-11.869677 7.000633 13.632504 -31.032792 21.160419 14.934924 -9.094314 -20.909392 -23.942383 
55.653562 26.495396 48.990862 53.815255 33.064316 27.507127 29.016672 62.373530 69.057617 
-5.244399 -47.660220 -3.507723 -5.105460 -8.482062 -5.109708 -2.622285 -15.395879 16.057617 
28.187151 21.445507 44.461207 51.030687 24.216475 44.806202 57.718764 50.946785 29.057617 
9.288242 -12.151561 -35.064833 -9.766083 -10.461195 -30.739316 -15.083758 6.734981 2.057617 
76.871635 61.793557 56.311034 70.638607 7.191307 69.216326 53.700891 0.076389 56.057617 
22.175774 -8.453321 -1.959833 -21.860852 -10.227093 22.228923 1.776898 -21.837794 -50.942383 
30.048814 27.414472 81.696176 26.452141 52.175360 52.834519 57.338709 54.304955 45.057617 
-10.227020 -29.357008 -23.702673 13.118947 -15.921748 22.158264 -2.994585 47.747305 -13.942383 
33.330245 65.562065 62.742805 30.897605 69.385315 80.300725 62.822098 80.293120 -14.942383 
44.849156 9.674068 -5.638416 6.883155 -5.149654 11.038946 5.493967 2.574740 26.057617 
48.964244 38.647548 30.105916 63.393118 63.920481 84.616940 25.627657 52.336428 42.057617 
-20.295757 -35.693981 -14.222053 -62.480483 23.337584 2.672211 -10.213618 -11.607787 17.057617 
55.497535 16.194992 58.824895 45.822520 110.031089 17.050499 7.961706 30.893970 50.057617 
9.556040 -3.078380 -3.961747 -5.377208 -13.030039 12.290435 -11.555907 -8.633036 10.057617 
57.017176 52.937838 15.732413 36.506708 28.338521 67.341448 50.671403 34.026091 43.057617 
-24.998248 52.331645 -51.923260 8.622993 -9.735020 -7.317176 -29.214921 -32.553785 10.057617 
105.734497 53.969283 39.114950 75.831121 38.505158 33.684070 65.949824 50.356003 5.057617 
9.598217 -0.603453 -18.043317 -22.624554 -13.234184 1.723573 -38.361519 -30.918482 -26.942383 
54.179678 22.989391 69.234751 33.454070 41.642908 46.484544 67.708588 94.380803 52.057617 
23.890661 33.388590 2.573570 17.496443 9.953478 5.471622 14.665196 11.529797 42.057617 
14.515316 15.317857 32.391587 43.259248 61.279740 49.567672 48.068627 27.694583 19.057617 
22.817553 21.513705 -17.322963 -20.347680 -15.037282 -32.037315 -20.892455 -14.151842 11.057617 
41.244694 62.892328 45.958445 64.366305 49.531078 27.579497 68.871103 29.426784 45.057617 
6.948196 -37.097480 1.130447 10.368140 5.496287 49.146938 7.324297 -1.576690 -11.942383 
56.495798 13.788937 39.174598 39.228403 38.336580 34.963535 26.142463 60.894535 20.057617 
-43.442774 -17.781240 -16.577492 5.474480 -43.301504 -35.628158 -1.501685 6.123328 -29.942383 
22.465690 31.443124 36.724063 33.052898 52.741576 32.178240 69.881013 53.265584 23.057617 
-7.648792 9.678510 -2.212659 -11.782494 1.178345 -45.362874 3.856785 23.382850 -18.942383 
68.586025 68.476054 45.496214 20.222677 40.449117 55.739424 31.962360 80.192848 60.057617 
23.840471 19.442418 -40.415092 -0.687126 15.655414 -8.106676 -13.917716 -6.783396 -12.942383 
53.532435 39.390225 43.541165 57.304095 25.246129 82.323926 30.877044 35.529107 11.057617 
24.062861 13.794001 8.591462 15.928413 -9.092753 -18.757041 -23.915674 -24.766760 3.057617 
35.823086 33.675060 9.924432 43.151194 59.950252 58.060253 34.791372 17.449961 48.057617 
6.658122 -3.529313 -13.455448 -6.605507 3.913052 -34.975181 15.304719 -15.135537 -12.942383 
58.629595 13.123427 -10.354436 6.538868 53.861299 33.943304 41.798465 59.919310 63.057617 
10.915215 -42.081397 -2.002313 -23.578208 14.349570 -21.757664 -18.437748 -18.641034 -0.942383 
28.571526 38.579788 40.308201 35.238600 26.157478 67.016976 30.031202 58.228101 49.057617 
11.498436 2.323161 -19.335772 10.984033 6.489804 -34.752329 -0.618529 -24.831538 -12.942383 
33.653623 51.162256 23.434911 16.339627 29.375796 61.251899 37.189052 41.755710 39.057617 
1.233515 -18.869334 -61.161897 -30.537891 19.780824 3.030157 -25.435139 -19.086414 26.057617 
14.145801 -4.125682 44.901474 48.996707 36.221551 54.223218 30.376220 36.718967 34.057617 
28.776140 -14.798900 -13.843337 -29.021667 -4.798715 5.884397 -46.697232 -11.976448 -19.942383 
7.787611 7.574528 45.188517 3.326713 29.803593 23.337820 40.248905 55.938430 37.057617 
-17.849008 10.218540 -0.160996 5.447572 -11.666937 -11.901492 -1.209883 -13.846320 -2.942383 
53.078184 110.788959 68.105234 48.335479 63.466208 22.177818 3.895034 30.272332 69.057617 
-6.612125 1.282150 -6.009108 -21.350344 -12.001555 -22.907014 37.982907 20.696952 -0.942383 
11.641398 80.870788 39.022150 42.575208 79.693681 40.496412 28.575808 77.290147 53.057617 
4.288742 -4.264343 -13.730941 -21.337486 -23.470514 -30.691345 23.462340 -23.966133 12.057617 
46.710053 31.160243 21.319567 37.619479 71.181062 28.455452 27.673671 40.957416 14.057617 
-39.009988 -6.746719 27.236577 1.559825 -34.075659 -8.773071 -16.531692 -15.795648 30.057617 
49.291381 49.934954 41.301946 28.021591 34.037754 40.375816 34.870168 5.222986 4.057617 
5.947917 -24.596814 2.287081 -12.590464 16.282559 5.520107 -28.984856 -1.937341 26.057617 
34.261001 66.725580 45.131232 100.035989 33.995934 45.171967 33.207438 12.967456 24.057617 
-39.421837 -23.018617 -8.631208 -32.953034 -29.977340 3.730325 -22.096273 -30.098152 9.057617 
53.716636 33.852910 48.540868 5.140563 49.638554 60.249452 66.283966 35.424041 35.057617 
-10.546226 -30.403513 -22.692752 -6.804477 15.927034 -3.118089 -30.293623 2.159394 -12.942383 
92.852928 82.329059 22.860837 53.269802 66.243478 50.208973 41.095762 65.253847 33.057617 
3.878181 0.856828 -7.573836 -34.556060 -4.195330 24.080404 17.931937 -21.950224 18.057617 
65.530611 36.582885 16.306850 20.013140 22.733678 43.628705 24.128980 73.410215 51.057617 
-11.087983 -3.612783 25.353253 3.696207 -6.686098 -19.748349 21.888988 -22.040192 -26.942383 
27.212218 50.624808 46.315795 43.256339 63.377176 50.402371 42.552350 44.868780 49.057617 
-10.414335 7.421275 -7.934800 10.647375 -12.707438 -32.903842 -9.573093 -60.540416 -29.942383 
49.273165 18.684648 84.661988 34.574941 37.665940 26.976003 19.320940 24.315886 29.057617 
-11.827415 8.917831 7.267474 5.760124 2.242176 -10.591369 -48.061504 -32.059265 -27.942383 
30.257723 9.491459 33.676722 69.933861 18.864217 30.900355 63.089571 65.635633 53.057617 
-30.861072 -13.203355 17.316289 -1.933509 -21.950458 -23.001133 25.937060 -10.871525 8.057617 
66.788610 68.748942 -3.751243 52.183744 68.453848 40.553845 29.139794 45.439897 10.057617 
19.370570 5.321385 -3.548142 -41.046144 22.107208 -5.622513 -59.024777 -14.121031 -46.942383 
33.498810 70.106848 72.156382 12.373115 63.179332 60.390924 55.417697 42.933560 45.057617 
-0.594048 -8.722533 35.005541 -12.995489 -67.232382 -12.877954 -19.064245 7.910818 -12.942383 
48.651540 7.474381 -3.159514 58.370969 47.214899 21.785411 38.297078 0.354780 28.057617 
-2.357539 -15.616441 -9.987975 -44.383590 20.579841 0.409837 4.165707 -13.987492 -7.942383 
70.477782 42.588681 62.989706 50.404883 75.640622 60.143438 52.533377 17.845445 6.057617 
-13.431482 3.131094 -22.713040 18.535680 -14.058843 -7.135854 -17.913147 -49.610527 13.057617 
52.835217 50.712830 20.652996 56.485582 35.242162 60.536015 40.489557 46.878925 55.057617 
-6.248725 -12.888492 10.517024 0.731462 -21.318310 3.551851 10.168783 -25.717685 12.057617 
60.497970 13.387936 55.979691 59.052134 54.490454 57.303712 40.574584 39.605488 44.057617 
24.839058 -16.139260 -1.293251 3.118641 -3.543565 -35.238193 -0.642826 -43.032768 -7.942383 
36.214558 54.003883 30.117988 57.814563 17.394896 47.984882 84.625014 51.734624 24.057617 
-7.004452 -23.721147 1.192355 -22.072739 -28.283189 -31.214805 4.040397 0.423776 -33.942383 
46.652191 73.989325 42.905706 23.394836 55.875904 6.987855 55.074646 46.263815 51.057617 
-32.978034 1.815290 -11.456618 1.703555 -14.273808 -24.300956 -6.880566 -21.188191 9.057617 
33.464869 3.862644 35.220064 33.123394 65.302414 39.287035 42.709297 21.642014 22.057617 
35.290485 13.224879 6.904916 -19.762347 -28.664674 -4.529932 16.287040 16.918366 -21.942383 
56.319280 60.802636 9.674318 57.055220 50.843668 53.618938 49.005147 38.600853 38.057617 
15.787077 14.338078 -14.061547 -36.327068 -11.285040 -4.626241 5.555543 -32.410629 -12.942383 
96.212515 9.925454 72.170750 35.318325 71.529093 26.290060 48.939384 33.915648 52.057617 
1.905623 -13.805604 8.602110 -2.061346 -51.223554 -15.969895 3.397340 -29.409448 -7.942383 
50.583153 97.307148 37.574724 27.207583 47.284377 66.400025 52.583915 47.588640 59.057617 
-14.002758 -2.866205 37.128661 -18.966299 30.444242 -38.113206 -1.659508 -12.581799 34.057617 
57.577616 29.597392 -3.623553 45.143430 36.917783 79.019817 81.143144 67.005435 60.057617 
28.888488 23.374266 3.634749 -13.745119 8.934546 -15.727225 -16.081827 -18.494436 0.057617 
48.772748 53.254008 29.496145 58.037266 34.357409 46.876097 51.442057 41.362969 55.057617 
22.209605 7.363164 2.337380 14.850123 -15.446367 -34.138376 -37.740571 -38.180219 18.057617 
18.643070 31.554902 53.658068 12.717802 29.995237 56.299559 47.301276 17.937189 3.057617 
14.176343 -11.639480 -44.478984 -26.929128 -13.150237 -11.298890 9.957046 8.915680 18.057617 
38.360563 42.032642 24.395158 33.231185 13.959468 21.319686 54.290035 38.847129 36.057617 
1.716669 16.239180 -11.738667 -8.757686 -26.631294 -58.559907 -7.400521 -18.986592 -38.942383 
18.689695 31.034125 49.661601 17.810408 54.507106 35.885704 48.625184 28.667239 82.057617 
13.214107 -33.605216 -2.911827 -31.311191 3.906542 16.065684 10.230745 34.845426 0.057617 
37.371251 49.440300 43.640210 41.368286 48.028569 34.562644 60.662450 50.718009 56.057617 
-48.709745 -7.467719 26.098567 -23.451867 41.222557 -18.664561 0.411956 -57.919865 -1.942383 
87.461499 47.867735 40.958597 71.192785 14.264535 44.136510 58.857197 51.311280 20.057617 
-50.599782 -10.616638 17.364356 17.883711 22.741098 -5.199340 -40.187471 -27.545052 3.057617 
68.313376 19.262347 27.952107 30.927969 51.959734 52.301189 45.535126 60.178096 2.057617 
-0.002974 -25.490433 -1.506936 -19.856965 1.084659 36.120073 -7.234772 -64.641341 7.057617 
34.069858 30.678540 76.610588 45.272141 18.280417 13.928370 36.556681 42.902320 58.057617 
40.279692 13.242833 -3.451244 -11.953571 -60.250934 -23.476371 -39.422452 5.975440 -20.942383 
25.375771 23.386887 38.828189 -5.661524 56.447708 25.338232 40.688185 55.011827 39.057617 
-47.449332 -24.917866 7.530399 -17.358050 -8.182495 -44.049731 -12.250024 29.139619 5.057617 
31.688385 1.853085 53.946708 41.207906 32.648571 39.074038 80.393402 79.513304 35.057617 
6.571143 -8.472641 3.706543 -39.568423 -1.304009 -21.039699 -2.207735 0.181599 -21.942383 
12.068970 23.646256 64.586270 78.718085 46.292981 18.073775 23.068379 19.355998 53.057617 
-18.336282 10.046305 26.003944 9.635540 -33.908847 -45.837086 -26.705818 -2.069087 38.057617 
17.441184 55.589102 42.961499 55.265154 20.658823 29.068975 24.609510 35.455661 54.057617 
-0.217244 -28.201287 -59.246152 3.580108 -43.032462 4.041555 -3.348300 23.465376 -44.942383 
46.011231 89.410406 44.646918 60.045185 65.484366 55.993526 9.419378 33.763523 64.057617 
4.833109 -37.763263 10.120702 -11.634092 -55.565037 -23.946518 14.065909 -11.537722 -16.942383 
24.537731 31.078188 76.647855 59.320767 8.815164 42.529696 50.647610 54.946442 33.057617 
-6.795301 -13.158116 -17.184782 -32.930015 -22.006558 0.205690 17.761848 47.079178 25.057617 
18.071464 17.460817 65.333462 14.978689 64.466356 43.220923 6.916833 14.723145 64.057617 
-6.980203 -8.383258 36.302586 5.331193 10.613114 -6.292108 -30.214359 -30.810928 7.057617 
35.957352 29.127887 37.740269 30.962342 33.394995 26.273218 43.112035 59.540973 63.057617 
-3.452475 -14.639143 -4.337864 33.181063 0.447644 -41.177306 -35.188241 1.969757 -22.942383 
45.321285 10.496513 14.340710 39.684509 61.465067 51.950633 50.574375 34.730306 59.057617 
29.310039 6.846843 27.883954 -19.852036 -27.318114 -2.060132 -21.083572 -52.460270 -14.942383 
63.141505 54.046601 43.059448 60.067553 34.565715 57.398274 44.629085 21.731689 78.057617 
36.704452 24.830621 -34.808973 8.248893 -21.562910 -7.384897 6.260171 -29.192755 -39.942383 
57.820046 31.773350 59.469092 83.065045 38.126081 51.281045 46.130658 78.123125 58.057617 
-14.789324 23.347998 19.604823 1.281872 -37.261225 -32.412865 6.494974 -78.549703 0.057617 
57.508368 1.995130 46.346473 54.415758 37.424457 90.315161 26.259270 50.297057 20.057617 
16.848859 21.800322 10.515867 -11.904968 14.307016 -21.806656 -37.935119 13.560584 10.057617 
29.471757 89.025792 34.660378 70.602458 60.841465 40.225821 49.782806 64.153288 19.057617 
0.579134 -35.049483 -1.005612 -9.123165 11.980077 25.621764 0.955474 6.418775 -9.942383 
42.309891 38.221581 45.147070 26.843077 29.270245 37.076845 68.258010 58.580458 37.057617 
-17.531676 -29.213710 -12.273630 -33.417377 -20.739452 16.664578 -45.259959 -3.220772 10.057617 
53.671040 38.046940 53.324346 57.362880 31.573452 33.055398 61.197261 84.293065 30.057617 
20.503988 -13.644936 10.692134 23.566632 -11.319619 -17.748701 16.116132 16.009260 -5.942383 
25.750359 61.755435 70.582270 25.472881 92.419186 72.424844 30.695681 58.501654 17.057617 
16.478361 -2.538872 -33.497129 23.324200 -34.891862 -22.218884 -27.733323 10.837396 -30.942383 
35.500056 33.084626 -0.928229 18.667062 55.590590 50.272557 75.253784 48.137790 37.057617 
-36.417907 0.382682 -4.223323 5.150557 3.973048 -9.087858 -18.507883 -27.108890 -4.942383 
57.488604 63.574045 26.599345 42.486042 23.148735 64.341569 20.494093 36.383817 53.057617 
0.603325 -6.994146 -4.777771 -0.121465 -49.207836 -7.490366 -0.919782 -39.296566 3.057617 
16.365038 19.626244 38.228384 64.178354 29.310100 31.788702 -1.709717 -10.627689 40.057617 
-5.049228 -4.489341 -22.586862 -26.305117 -8.591896 51.524452 -13.544008 -10.657115 -25.942383 
27.852220 66.219142 26.186429 15.383926 38.966800 50.631299 40.890944 38.111039 24.057617 
-12.663477 -2.242085 -4.749605 -28.918072 -29.942902 1.777977 2.272012 -32.044142 -42.942383 
31.617182 50.708285 74.075730 8.740939 11.928708 27.985028 45.140496 55.712256 -16.942383 
28.177824 3.437752 -12.122851 -21.684648 12.139275 -9.980693 -4.035218 -35.783417 14.057617 
23.675731 -30.468313 54.556958 58.717823 19.405259 21.775148 21.542364 41.178311 -2.942383 
14.435817 -0.989133 -21.191515 -16.609088 -19.089739 -3.737914 2.436336 -64.291916 -32.942383 
44.368469 17.450282 56.564785 47.820502 65.004918 39.923297 59.690739 35.517069 19.057617 
18.489367 -37.600724 8.489513 -31.158290 -19.891988 -9.388125 -60.661942 -47.171711 -7.942383 
23.458769 29.641861 41.253075 32.505214 37.175581 26.599166 66.497679 53.504815 29.057617 
22.244980 7.820714 -16.217576 22.620619 13.010234 -30.083270 -48.439285 -11.626496 21.057617 
25.489855 6.361675 25.936651 37.427949 47.961077 34.568279 31.188471 39.201184 70.057617 
-19.899321 2.753112 -9.446214 -25.479599 -8.461196 -13.768469 -19.436069 -16.103701 -17.942383 
47.529874 45.787127 32.271674 32.642879 26.729921 45.299165 10.646106 45.497438 42.057617 
-22.093875 -10.853964 -9.512793 -35.654067 -4.930658 2.062858 2.268229 7.923595 -37.942383 
0.821559 27.214332 50.037045 41.231318 60.671591 62.209777 73.803886 37.070011 17.057617 
-13.689357 10.915972 7.033483 -37.018558 -32.049935 -34.511981 -44.225903 -5.877214 6.057617 
-0.971419 83.417018 -2.189827 24.786282 62.898090 62.817466 33.239389 83.146927 57.057617 
-8.678051 -30.505437 -17.318671 -6.351451 -20.216130 17.971966 12.028960 -29.659380 13.057617 
32.989531 21.518087 78.399291 40.419419 51.428585 37.871839 42.616621 42.879401 82.057617 
2.792100 -21.259409 8.668503 -5.684817 -26.106406 36.388255 -22.495887 -36.690618 -20.942383 
15.755482 19.207705 24.993347 54.530405 40.930792 55.764702 67.435420 62.306030 28.057617 
-0.753405 12.533260 -47.393503 -23.395509 5.107930 29.663312 -39.928576 23.859310 -31.942383 
46.177162 44.936681 3.876594 18.100242 69.340201 43.250603 54.409846 37.508642 54.057617 
34.366277 -12.126001 11.443618 13.771891 4.200505 -13.953220 -8.464840 4.477027 -30.942383 
78.301354 45.705002 75.889315 59.148783 70.332655 34.700362 91.921796 8.282584 53.057617 
5.922242 -5.156345 -34.188390 -29.217849 -13.146126 -12.973077 7.512993 -24.289047 -30.942383 
41.673336 29.919524 94.682532 19.586886 42.874918 20.073169 56.940221 28.913593 51.057617 
-18.834246 -1.835584 -5.294362 -0.046541 -25.053713 22.141685 -24.308824 -59.567597 -44.942383 
28.009423 62.335314 58.757287 -4.874730 42.016808 57.038507 63.230857 62.652981 31.057617 
-21.580687 14.002162 10.127604 -11.071770 -12.922140 -39.993917 -24.202604 -16.530831 33.057617 
25.864962 58.698146 25.571052 43.135202 72.705114 64.205265 57.836277 29.554534 53.057617 
-8.860414 0.638184 -1.849053 -28.745539 -31.422455 -2.320093 -21.459093 -48.173071 -25.942383 
45.485719 105.176178 47.392533 34.207827 34.953162 42.326834 30.150893 50.403595 50.057617 
-26.378209 -22.812531 -18.151339 -14.401116 -31.003085 -19.077346 -30.258453 15.764539 -10.942383 
37.125532 34.968399 24.414145 -5.036992 24.845667 32.514923 34.478517 76.470296 64.057617 
1.241930 -45.965783 0.181190 -15.888685 7.063346 9.111233 15.089464 -14.978063 -45.942383 
26.715397 63.832866 55.354006 22.467527 56.234847 51.228849 38.988997 60.905020 34.057617 
27.824339 -11.940743 42.774445 -12.460349 -40.614325 -26.975303 -15.907449 -48.321990 -0.942383 
31.382000 41.146345 74.640329 13.262159 0.096794 62.259507 46.316840 57.956549 41.057617 
-22.907344 -33.647294 -12.404449 36.402132 6.345705 -23.818363 -10.772692 -19.024520 -29.942383 
8.293674 78.960572 -13.512064 68.517214 97.401976 18.640032 39.000967 63.945966 35.057617 
-3.238671 33.799725 -21.638809 6.419022 -1.918735 -54.250553 -6.987341 -25.384906 38.057617 
29.360881 15.639704 48.529587 33.646961 36.689309 3.085626 93.206761 55.344580 25.057617 
5.785525 31.971931 -5.389978 18.156864 4.739794 0.100222 -30.788265 -23.801553 23.057617 
70.931600 30.248122 54.402160 0.230362 22.478777 52.243321 23.300638 20.912876 31.057617 
-48.761606 21.804651 9.376964 -28.947153 -16.416560 -18.450586 -24.226941 -25.438480 9.057617 
17.896447 47.517992 52.999881 62.275292 61.907114 31.523130 20.745063 41.987876 31.057617 
42.366665 -8.446169 -10.968190 -3.293216 -27.592688 -0.340454 -38.930550 8.611531 -24.942383 
47.472205 88.632260 13.277832 57.271658 18.348687 32.532505 57.631789 62.685165 20.057617 
-14.362152 22.030523 17.450342 -2.379897 -9.751707 -36.094853 -42.993425 3.816097 -40.942383 
46.291380 68.527078 53.742068 25.025747 31.338874 74.179950 50.161686 43.545508 5.057617 
-7.123805 18.993136 -20.790343 0.043693 -2.259721 10.813912 45.887194 -43.733985 40.057617 
71.565543 38.929515 79.770624 60.003435 58.694885 76.145908 57.332839 56.107904 57.057617 
10.210608 23.847041 2.951919 -21.472539 -58.112022 -22.101248 -3.692061 8.372061 -4.942383 
43.320438 13.749705 48.246975 49.546371 53.356817 67.360349 72.543024 30.746773 51.057617 
7.684757 20.493938 33.565639 -41.310185 14.719267 -17.289978 19.869907 14.627435 -20.942383 
22.180346 63.287000 27.726795 23.167137 59.305189 82.162832 45.200317 21.359655 39.057617 
-7.892417 16.418348 11.013320 16.762934 -1.065691 12.143926 -15.441166 -9.777019 7.057617 
31.612847 23.002951 46.710025 25.588098 23.120863 22.619607 6.952471 37.262269 51.057617 
-12.196954 29.232323 -17.596066 -26.243495 2.751392 -0.286290 -10.523708 -6.147763 13.057617 
75.042172 46.675203 83.728444 60.675382 66.720029 51.894820 35.432715 58.601023 64.057617 
1.052277 9.902939 -18.190702 -8.521963 -54.131179 9.716425 -3.729205 -36.742465 -9.942383 
63.172521 1.311157 40.040286 42.721180 67.555944 39.451758 56.738117 51.127237 32.057617 
-13.101775 -2.532280 3.925051 -22.361939 10.486727 -1.519700 34.927397 -20.348186 0.057617 
17.232793 69.048698 30.364063 51.130249 39.486635 46.904253 24.783240 73.952491 -4.942383 
25.976061 -9.818311 -27.039501 -1.357879 -34.424568 9.319487 -12.707651 -4.854804 -8.942383 
30.892147 23.188728 58.754281 27.130297 59.653472 16.057181 40.483715 63.686302 31.057617 
-10.255914 -5.980567 -10.444424 -16.549312 -25.239354 -15.923656 28.388613 -13.753237 -1.942383 
27.299117 64.789794 12.919624 78.413292 42.579674 48.156656 57.744396 43.368200 38.057617 
-17.073228 4.501167 23.185064 -17.624964 -18.318372 -31.417639 -22.470279 10.917184 9.057617 
76.747648 57.748934 72.888580 29.365239 25.424372 41.595464 34.473998 67.613109 54.057617 
-2.023960 3.663630 -4.789954 4.882129 -25.412409 -16.758496 27.818285 -40.335283 -17.942383 
61.110495 23.399996 38.501676 46.656989 18.119840 57.944978 44.567222 60.501056 42.057617 
19.045434 -25.883554 24.573080 -6.393611 -11.206803 11.737965 -37.836906 -8.362605 -21.942383 
59.360492 17.816538 62.415662 23.373957 59.487688 77.875398 20.179076 69.199290 82.057617 
-19.451712 -30.366171 11.066298 -37.575778 -35.991981 -7.739668 7.045385 13.315570 45.057617 
38.880740 25.713979 41.173922 34.480444 15.253834 33.423423 46.236623 23.439870 31.057617 
-31.357494 -28.655306 20.145542 -7.774332 -31.360823 -5.404173 -10.089486 -47.697438 -16.942383 
31.402647 32.094917 12.747575 49.922875 29.043892 62.108291 25.459399 74.836023 18.057617 
26.554749 -17.037867 -6.169873 -25.238263 0.475340 -26.405919 -16.518707 -21.728542 -19.942383 
85.120597 55.893896 62.593126 10.745415 29.975416 30.004709 24.061577 74.895616 45.057617 
10.791695 -14.956029 0.629628 9.767194 -1.334231 -24.411366 -2.864367 -8.485049 -53.942383 
29.515397 69.881002 52.722330 72.573331 57.909744 41.675774 74.192316 40.110988 32.057617 
-11.498740 -21.891434 -23.070478 -2.189455 -16.965080 -36.223207 -16.713223 -33.934865 -24.942383 
55.639857 46.325696 59.230846 90.494129 28.698876 55.138788 40.474050 33.099163 41.057617 
-15.907455 2.090897 -46.804283 -6.250555 -26.658940 -9.268991 -37.082023 -28.755433 -5.942383 
4.641843 11.318121 32.656238 44.889974 58.579184 48.335211 44.636939 68.335411 44.057617 
-29.881236 -24.517385 -12.955060 -7.809590 25.274233 -19.607415 -9.579057 1.915907 25.057617 
41.257176 51.164925 53.872525 25.972221 42.409188 39.423801 40.158240 39.475068 66.057617 
-16.557930 -17.425133 -14.430456 9.484894 8.440666 -44.120391 -14.012138 -19.626595 43.057617 
25.523163 68.818918 69.925959 45.830773 50.705592 66.546140 42.291101 22.928280 37.057617 
-16.578952 -15.031675 10.067587 -25.723254 -33.582887 -30.903902 -24.472665 3.514624 -5.942383 
57.004376 49.057803 40.060343 37.766270 14.689639 11.349206 38.969755 75.889838 20.057617 
14.304490 -6.603686 -28.015831 1.442328 22.298965 -23.543230 13.415423 -29.718662 18.057617 
33.805868 50.698436 87.475417 33.256119 57.672058 8.800660 39.980694 33.528263 27.057617 
13.932351 -26.694606 7.278576 -32.070147 25.443174 -26.143980 -26.412624 -24.146648 6.057617 
0.828926 47.050675 15.624843 58.275858 58.989050 44.452300 35.241610 15.900203 76.057617 
-1.089503 -13.692337 -7.953122 -20.206054 -3.299300 -32.057727 17.367982 21.543480 -0.942383 
26.060099 30.462236 34.666219 56.328114 47.421685 50.736673 5.472425 59.457089 71.057617 
-2.910641 12.960966 -2.238992 30.376951 -24.397983 -32.347473 7.738315 -11.034300 38.057617 
24.589792 24.969365 9.615090 69.485948 46.602250 34.804954 25.897965 6.429247 18.057617 
0.950071 -30.281449 28.502637 -7.324951 -12.017260 -40.325666 18.608712 -3.282066 1.057617 
16.362738 10.427549 29.242586 64.383099 37.682167 50.096522 56.899025 11.643221 53.057617 
-2.969596 -24.059471 -39.585735 -27.828743 -6.190960 10.852810 -21.900027 10.299403 -2.942383 
56.000855 16.194481 44.311524 37.723839 76.858235 32.774869 65.991048 29.675641 50.057617 
-9.891749 17.289448 -29.947697 -5.918750 27.291567 28.668384 -21.969315 -9.063490 20.057617 
59.786522 86.864731 73.262636 56.954718 48.926924 95.691620 50.525049 34.662589 42.057617 
-11.663284 9.097857 0.576007 -25.355287 -3.478009 21.135900 -61.226153 -3.216575 -21.942383 
30.723165 12.837006 39.338928 55.459990 -16.086551 58.636214 46.307269 56.693496 37.057617 
4.702803 4.807773 6.565232 9.465766 -0.741394 9.196068 -24.949644 5.963883 -27.942383 
59.319444 59.609909 80.449816 61.405848 50.772650 12.334781 41.382837 59.326472 49.057617 
14.728593 2.519975 -47.229950 23.803885 1.878406 -20.387407 -29.316577 12.089895 -1.942383 
25.266949 43.447034 76.153659 8.357526 31.029860 65.764923 16.194560 15.934400 39.057617 
-10.404663 -5.395954 -37.656103 -25.428447 11.890832 -22.362821 -0.385557 -6.588780 24.057617 
25.713645 37.067958 61.130630 24.822982 57.701842 27.865131 53.112266 25.913504 27.057617 
-36.724718 -8.944201 -3.930905 -16.671494 -38.095711 -38.435547 -14.464562 15.014944 3.057617 
25.001789 22.406911 26.179617 23.848758 40.040977 68.267904 32.160760 -10.634788 29.057617 
5.346975 22.788467 9.943871 19.272938 0.396825 -9.268523 -5.395262 -21.682723 31.057617 
69.054921 15.481291 68.451274 31.906746 59.304231 64.390031 41.855951 37.773569 6.057617 
38.024129 25.355764 18.756519 -15.530862 -13.334540 0.919026 5.841209 -18.712616 -14.942383 
18.620564 37.926648 25.601611 57.416054 4.164012 49.306635 32.904598 72.627286 14.057617 
6.164801 10.853635 12.603393 -5.517886 -43.404131 -8.739793 -23.268376 10.168372 -34.942383 
66.185575 4.625907 63.819010 16.458424 34.760246 21.466684 7.744168 47.235880 29.057617 
-12.197729 32.637580 -1.804195 -6.269765 -18.914811 -10.257637 9.098245 13.492933 -9.942383 
13.006785 28.033280 58.640356 47.682109 22.897897 24.079653 22.415077 38.360151 14.057617 
-15.392902 3.825612 3.374675 3.945638 33.757832 -14.412142 4.499374 0.738841 1.057617 
42.408804 58.504340 28.796462 39.285085 75.031827 26.678179 27.536821 31.938819 51.057617 
26.260627 -13.424031 -11.342455 9.461066 9.641142 24.893592 -2.205041 -14.287306 -29.942383 
54.362962 46.665843 38.196507 37.746565 20.552183 50.466110 46.878784 55.527643 28.057617 
-23.346825 -36.023784 17.608289 -32.076189 -15.997235 23.714146 26.293188 3.591735 10.057617 
45.652684 65.212824 71.461528 49.134925 56.741037 53.100520 36.716372 72.608366 68.057617 
-21.517342 2.661920 38.651088 -3.174818 -1.869891 23.053825 24.827190 -20.869581 0.057617 
58.643875 54.459151 30.793254 47.628775 87.095658 6.939821 59.370006 37.526302 48.057617 
8.348133 -37.336461 -12.196110 -52.008455 14.959059 -15.850067 -28.704624 -38.158659 1.057617 
45.101547 16.663491 35.849098 41.782029 66.791403 22.375215 25.782426 67.605542 31.057617 
-13.249717 -11.494372 17.608349 19.953814 -51.545870 -7.950393 -6.409734 22.755868 7.057617 
6.006963 48.860764 43.607714 45.413860 10.325052 17.347682 30.792314 -2.368519 20.057617 
21.285969 28.299132 -26.947854 9.081258 -12.743149 47.844404 -14.003619 -11.799917 19.057617 
57.732655 54.266070 65.216498 48.912758 64.714970 93.280538 65.177504 21.643281 -2.942383 
-65.131199 -17.434185 8.964958 9.334878 41.828663 -26.811273 -28.620636 -14.686732 0.057617 
63.662733 35.899132 46.636595 66.215155 39.744276 11.499159 48.481909 38.277897 14.057617 
-45.631739 7.456270 18.363436 -17.869913 -38.842270 -67.698294 -19.427108 -4.519752 -4.942383 
37.412063 48.911038 22.103422 61.325010 71.522683 49.045049 42.179577 35.386460 71.057617 
-8.524769 -18.416649 20.617371 17.205670 -29.556716 -31.183976 25.458347 -49.557944 6.057617 
50.015399 52.926102 9.034961 26.273631 32.279777 66.541374 44.426696 30.696397 56.057617 
-47.484038 2.250740 11.210036 -18.714707 17.142611 -26.606879 2.258781 24.318070 -5.942383 
13.997044 61.837967 34.632471 58.917647 21.801127 39.623257 11.722685 66.329439 18.057617 
-19.676903 11.872269 -38.820801 2.688995 5.841050 -10.623574 -11.460034 -42.015370 -38.942383 
22.353525 46.386423 29.854616 58.264003 18.451632 17.293998 51.679466 41.395228 -2.942383 
-13.461596 -19.751289 15.756631 -9.712981 -27.499476 -19.178684 27.536014 -35.390748 -4.942383 
29.745371 68.512071 4.162594 48.928712 86.675250 58.390910 96.072252 22.383754 46.057617 
-24.073573 5.381017 13.331637 -34.118977 15.112770 4.385360 -23.975815 17.909984 21.057617 
58.404127 54.002722 29.656828 57.385127 9.117892 39.778912 41.939666 33.608163 43.057617 
39.970982 -24.374983 9.277170 -33.041666 37.455174 -6.244920 -22.396186 -37.338194 11.057617 
27.892445 40.995212 35.122832 12.561271 15.735046 52.141202 22.037352 71.978814 61.057617 
1.741735 1.040289 -2.140510 -38.278670 -7.440875 -24.237697 12.224151 -31.577287 -12.942383 
6.018860 62.965838 17.004579 27.039204 24.535571 34.758745 38.347784 12.781208 54.057617 
-1.724075 -5.165399 9.367416 -9.385184 6.846289 -0.794464 -10.310130 -38.971282 40.057617 
55.179911 79.723079 27.171744 70.587281 106.614716 54.720675 62.398972 16.042883 -10.942383 
15.777627 -20.387687 -20.620747 -46.840804 16.347201 19.603559 -6.011427 -47.207644 -21.942383 
36.603878 50.930501 48.918949 58.576916 65.933696 50.350097 8.165762 59.203046 -4.942383 
-21.887580 16.291500 -38.439326 33.113187 -9.910778 11.687965 -35.897661 20.790292 1.057617 
45.423777 26.358268 9.661630 66.641236 23.563945 55.586151 29.237217 53.011856 79.057617 
-20.312815 20.149899 8.701906 -12.446305 -3.553681 -33.551404 -8.792925 5.863746 48.057617 
10.444021 70.289922 35.898524 15.511511 46.025890 63.819310 5.830426 33.444743 40.057617 
-11.755797 -15.676923 -17.973355 17.351968 -6.379373 -80.615592 -33.857540 -7.008617 3.057617 
45.448478 78.945390 69.433539 48.927981 48.203221 54.339467 58.311269 54.727224 41.057617 
-35.915520 -14.032387 -21.997158 -1.494371 4.523462 -3.409794 17.803779 -14.465870 7.057617 
66.195040 52.862693 24.126546 56.810681 35.803732 48.582494 28.095656 61.812902 20.057617 
8.526431 11.035377 14.471878 5.502787 -6.145587 -8.335469 -18.061154 -27.523323 -10.942383 
56.091485 46.349342 37.296048 40.720089 77.423942 71.067385 55.393545 17.962769 22.057617 
11.461037 -10.228895 -6.433143 -19.067856 12.497849 -4.541159 -1.839670 -14.187044 -23.942383 
50.142427 55.228757 36.756267 5.370100 14.611402 66.622160 65.126726 44.977264 30.057617 
-15.553206 -14.934045 5.919908 -12.488434 -28.607849 13.052842 2.043283 -15.530952 -19.942383 
52.476947 40.401923 27.326134 45.761121 40.440149 34.036985 18.635174 48.974919 61.057617 
-6.410166 -9.618990 -25.692568 -15.373779 13.751884 -33.969721 5.034297 -23.134704 55.057617 
23.960406 9.835592 40.082336 27.335760 3.544300 49.577317 36.758349 0.615689 31.057617 
12.628362 -31.054254 11.802447 13.716183 -14.217190 -40.873522 -2.794271 15.995075 5.057617 
55.800406 47.483401 55.755243 36.942188 29.429421 40.806705 45.917286 1.801033 51.057617 
1.145010 8.756795 -28.767667 4.367252 -29.457414 20.852574 -26.611101 10.071504 6.057617 
-23.025880 52.729766 91.297409 53.345159 17.979078 38.048631 29.421354 60.846088 17.057617 
-4.770760 -12.348802 -36.904229 -33.864468 35.879579 -10.669062 18.382573 -20.566280 10.057617 
70.862233 45.320154 52.015489 14.812146 82.195250 45.199805 50.933300 61.431345 36.057617 
5.215570 47.036037 16.362735 1.391562 13.955716 -19.033545 -34.345924 37.186667 -6.942383 
29.343181 48.577897 87.377208 91.309899 45.841781 79.045728 34.791462 56.892207 62.057617 
-13.015585 21.061947 -2.082362 30.342196 -15.557590 9.391538 -9.378679 -42.353147 6.057617 
49.493337 99.558120 34.595380 66.459223 99.441115 39.033303 33.700724 76.546242 34.057617 
19.643390 -47.908150 -22.860044 -19.957583 5.652643 -10.070420 -18.840853 -22.404523 -11.942383 
81.547800 25.772327 57.126723 -1.409299 57.354437 52.160794 73.904069 48.512171 34.057617 
32.945925 -23.567999 -6.156539 -52.440039 9.465688 -19.231050 -16.437812 10.602028 20.057617 
45.271958 32.019260 37.824382 40.870566 52.054477 30.492811 51.542855 80.845166 90.057617 
8.890254 -22.782735 -6.385494 -5.047827 -2.965911 6.511893 13.483313 -17.935241 5.057617 
84.991403 39.469842 25.145003 56.116506 48.227895 28.368894 49.750970 33.788326 66.057617 
-11.001223 -24.828869 8.676431 -26.909821 1.143916 -53.186794 4.062898 -14.108599 12.057617 
45.168568 99.997131 48.746912 72.406847 37.125686 60.414983 82.693852 30.472455 31.057617 
-7.446948 -19.958200 8.284517 10.339774 -12.230976 34.333560 5.780112 -52.217635 -2.942383 
90.673520 84.364455 24.072956 55.338113 32.174115 101.245487 37.839796 75.927723 -1.942383 
5.790233 -26.755712 23.404350 16.667578 -32.948531 17.214139 -20.726680 -17.355422 -1.942383 
18.567699 56.042205 28.141645 13.502626 57.653446 52.257663 60.050990 20.591005 51.057617 
-16.962930 -33.675023 34.486616 23.584590 3.190257 2.266708 -10.588088 -1.995164 -4.942383 
50.303003 56.296040 52.830702 64.886494 27.895157 57.155767 38.258451 25.902428 21.057617 
3.997784 25.850172 4.717636 7.708157 -3.656859 -12.719953 -10.086273 -43.099507 -22.942383 
43.528089 63.149635 59.778682 32.443554 39.739461 37.519945 22.690833 48.155370 31.057617 
7.494884 11.954940 13.357963 -10.357703 53.864417 -32.152812 -14.396453 -18.313275 12.057617 
33.622448 25.665826 63.981800 48.036352 37.547846 41.998185 62.215626 34.696650 33.057617 
6.900820 -22.335369 -18.046928 -5.523186 6.500136 6.579437 -30.432079 -16.267097 31.057617 
51.515926 40.316375 57.066266 78.979745 60.375606 47.026971 61.798647 43.161473 43.057617 
-23.568237 12.016336 -0.792597 -30.388000 -38.033576 -59.360916 32.370873 -45.259227 -25.942383 
69.510066 78.083983 33.545924 26.044224 35.605562 41.753203 20.612223 43.332535 49.057617 
19.228037 -18.501171 8.478551 -15.710173 -15.368920 -33.685510 -52.219318 -57.052031 17.057617 
25.717086 43.871738 50.382651 34.471380 38.724970 15.758516 35.370348 31.368871 31.057617 
-20.128400 -22.024110 -8.630674 -31.217638 -8.522719 -44.700375 17.960818 9.919035 -33.942383 
35.617692 36.216786 49.697379 56.683104 47.044410 28.258152 66.672988 63.053885 28.057617 
-13.608645 -5.692685 -4.268181 -32.008361 29.751939 11.586113 9.975449 -13.470841 -17.942383 
37.807987 23.332142 80.210762 41.858806 70.447675 57.262455 48.298072 29.893132 25.057617 
-4.496699 2.722679 -6.023643 -37.749071 12.715590 -17.089464 11.984597 -22.363824 17.057617 
44.531518 19.561316 7.229775 21.967784 64.974442 37.013835 66.052994 58.136968 39.057617 
10.208054 0.806650 -3.531317 2.287471 17.217536 -0.162752 1.125711 -32.336289 -26.942383 
31.188356 43.435346 48.079549 37.118668 26.234316 45.644506 26.319736 81.294967 61.057617 
-17.525867 -27.249635 -6.622957 -6.447346 20.390009 -23.649751 14.540054 -1.709708 26.057617 
65.223436 14.618509 26.315898 37.364121 18.601175 35.173405 11.300890 14.656774 27.057617 
25.765543 -3.196188 2.805507 20.091668 9.385179 7.582618 -25.215728 0.495063 6.057617 
51.682557 31.579422 -2.687933 53.651371 72.750248 35.221427 6.139041 62.660974 36.057617 
-12.378140 -24.963712 14.728157 -33.372686 3.169824 -9.652482 0.925984 -10.744449 8.057617 
23.365889 31.546349 26.394367 45.964673 32.911201 28.470757 66.619683 67.519754 42.057617 
-22.455077 26.165946 15.993623 -17.472779 -28.970578 14.840339 -6.085342 -21.112977 10.057617 
52.261951 71.930171 28.863221 65.199016 33.751852 58.464087 49.205806 12.367312 49.057617 
-40.371879 -60.389266 -14.393080 -9.324929 -14.568202 -7.819535 -24.984528 -21.300764 14.057617 
37.270225 52.372280 20.791418 29.222569 46.934522 43.567227 40.516213 66.461027 82.057617 
-23.734574 -14.041109 -17.952492 2.709605 -6.507972 -5.037117 -15.854135 -21.156367 -12.942383 
39.692233 46.801579 25.139935 60.984302 33.885436 59.521181 38.379680 49.728455 52.057617 
-36.688802 38.432067 10.781226 1.855385 17.139546 -31.557753 11.630150 10.296250 -5.942383 
71.357507 47.998793 28.539969 55.889074 71.653558 -2.224297 33.416932 64.686091 48.057617 
-16.389884 -0.106644 -11.022297 0.011420 12.636509 -10.658354 12.855337 -12.460030 22.057617 
55.721170 32.639865 38.177778 89.224598 73.993331 26.122530 23.794470 60.789553 43.057617 
-6.947050 11.052998 13.774383 12.829910 42.652632 -21.773399 -10.274218 -8.682611 -9.942383 
21.765598 52.408952 46.087047 52.539106 87.814372 59.007977 33.447974 81.880631 17.057617 
-20.338141 8.582304 -39.076827 -22.701755 8.229304 -23.709952 -3.410153 -27.010114 10.057617 
65.045095 27.912387 58.428865 50.130306 19.349827 51.317047 52.879810 41.207639 52.057617 
41.816972 -8.698374 -18.039906 7.989683 5.682044 -23.748065 -0.357542 -7.584385 11.057617 
37.006243 80.802545 66.390714 22.512794 2.693741 45.503279 91.912850 52.573281 52.057617 
20.183250 1.350413 3.995567 29.750078 23.599915 14.795155 10.177042 21.036405 -15.942383 
54.028492 28.466776 47.990838 2.055216 54.006867 11.730711 53.469198 49.621405 54.057617 
-4.497359 5.275718 5.435052 -16.318273 18.310421 -10.337709 1.141941 -5.212239 7.057617 
40.454530 2.944647 72.896027 32.956322 38.224946 36.731163 51.218130 28.637491 41.057617 
21.196241 -20.375646 -44.650569 -27.112796 22.572949 13.842100 -12.563226 -3.052888 2.057617 
33.491005 14.583550 30.270067 74.281856 57.472108 42.815802 11.184076 10.180083 36.057617 
-14.428314 -3.325250 16.428317 -6.158814 -18.309947 8.044687 3.238068 2.979195 -12.942383 
-8.534732 28.582857 27.160519 57.037598 27.014056 74.664560 32.042989 45.934630 46.057617 
-3.417347 -27.421342 25.184046 -33.086902 -1.311622 -29.834898 0.023705 -36.409466 11.057617 
63.092349 35.403105 51.845542 36.481812 54.343415 54.214512 42.166225 55.276706 50.057617 
-17.850922 22.124667 -14.446898 19.888993 -28.530150 -10.270737 -35.567842 -9.197079 23.057617 
51.724347 20.928667 54.261267 32.956867 37.413728 58.924550 86.083578 52.028067 73.057617 
7.800134 -13.362269 -8.618902 -10.048785 4.664970 2.146592 -17.626695 -10.433132 18.057617 
39.555810 -32.249766 67.830811 57.346198 89.403009 71.382579 44.664365 67.190567 29.057617 
-19.361479 14.109548 -5.891410 6.623026 37.271447 -15.920489 -32.218009 -36.247162 19.057617 
67.852128 51.187388 79.404609 39.144688 16.346900 1.289777 49.465513 24.773527 45.057617 
-2.095685 -18.590520 -0.442057 3.465831 -9.010183 -8.816312 -13.924645 -5.088239 31.057617 
39.634754 56.095681 26.065258 75.868699 18.763823 16.952524 14.583440 16.502888 63.057617 
-0.994901 -3.816587 1.151807 -35.255726 -18.304269 5.024807 -2.150591 -18.762122 -15.942383 
60.822735 64.243738 8.970525 70.386431 50.879671 21.016382 76.767341 69.840143 20.057617 
3.561332 26.209791 -10.589718 -3.352138 -10.520668 -29.332793 -42.982885 -12.658166 0.057617 
-4.026581 15.600890 17.191210 44.094912 -8.090495 61.157020 39.549941 22.841206 46.057617 
-21.351151 -33.567880 -9.770329 -14.032427 -18.962186 5.360853 21.504575 14.333857 -23.942383 
29.291961 86.861462 46.274779 50.312888 46.903299 65.336607 40.206623 -17.186516 52.057617 
-11.737067 -12.773414 36.254633 -0.044899 -15.987758 17.158214 21.143775 -33.820230 21.057617 
37.280295 52.194398 36.070830 33.672386 33.134435 79.311502 57.166010 50.009602 75.057617 
9.522842 6.631636 6.208452 -19.867097 -34.137938 -8.151739 -32.373604 -20.198801 -22.942383 
38.289286 12.060944 48.536052 49.635227 40.689370 64.545720 41.768308 15.742122 32.057617 
-17.857960 7.360335 -56.329805 14.798699 10.483893 17.914585 -23.130411 7.803563 -23.942383 
77.136709 45.323650 43.525198 44.753866 55.432316 67.571701 78.011956 0.840168 45.057617 
-33.602114 2.857475 -19.170551 13.802530 18.849703 -6.940300 -27.755746 8.471784 -11.942383 
36.694614 55.888318 24.262509 70.894840 21.404909 6.893996 44.304354 17.235070 63.057617 
17.963854 -15.208633 14.289114 18.483432 -36.416723 41.495995 -5.188061 -11.895975 -31.942383 
56.446359 38.592724 41.996168 56.014497 51.439435 23.924233 22.022173 66.526560 26.057617 
-12.253123 -31.266140 -7.139650 6.396955 -1.097989 -17.658445 24.221241 -30.110057 0.057617 
46.896874 63.134263 7.088550 50.764493 29.051159 57.591399 33.860436 54.546573 16.057617 
-7.142537 7.083928 -18.822914 61.662144 -27.409851 21.043397 -11.036494 -40.207438 -17.942383 
54.027869 54.954289 46.533631 26.540370 25.664639 15.566275 75.139313 33.576710 26.057617 
-16.510883 -8.146355 15.021324 -39.843885 -12.998869 -18.397232 -12.776586 -1.276318 -33.942383 
35.253177 28.259983 85.893885 78.174614 54.467326 13.306477 31.886615 52.579562 35.057617 
-21.959881 -11.199633 23.431747 -14.748672 -31.270968 14.211581 -3.692822 -4.576226 3.057617 
41.120548 61.998626 61.061764 8.137968 53.302869 8.030010 75.756712 38.147004 42.057617 
-30.452965 -16.126795 0.271395 -14.378573 -35.634524 -14.983760 34.314193 3.618586 35.057617 
48.050613 30.493700 42.651648 58.936012 41.319022 45.951518 35.077776 33.049842 69.057617 
23.678062 8.425046 18.409290 -6.561738 6.094534 34.844653 6.513823 -32.350606 -6.942383 
19.585296 98.386224 35.026535 31.191169 82.672990 47.647419 49.469811 21.531178 77.057617 
11.554221 -40.998454 23.367531 16.879261 3.184575 -3.761495 -28.178916 2.549297 -27.942383 
37.452440 53.294928 45.388138 34.806594 17.253752 53.773756 34.602075 39.808527 77.057617 
-25.499885 -15.793262 -4.795272 6.157276 -8.993155 -12.427694 -7.645576 -51.706172 -21.942383 
36.266898 24.803549 65.987444 48.177003 61.483831 53.307569 71.242289 52.325113 45.057617 
-5.975086 6.665526 1.431235 -2.829142 26.416474 9.725014 11.638231 -10.063167 -20.942383 
72.587031 38.901181 50.596019 44.126648 75.050354 26.112655 72.765231 26.608384 21.057617 
-8.423667 -43.346646 8.178204 -3.707381 18.503062 -20.641581 -32.986672 14.711301 26.057617 
61.158374 36.784949 47.449888 41.517680 83.222622 50.586596 75.974773 78.445350 68.057617 
11.656517 4.984266 -0.654346 -34.588938 9.063505 12.544619 15.339463 -24.179084 -2.942383 
10.811710 48.194832 -1.471174 14.158778 74.665570 40.806492 17.415192 27.554549 80.057617 
-6.587903 -29.641702 13.156204 20.079225 -58.779102 21.568366 -25.269445 4.366927 -36.942383 
83.346632 62.126257 27.601580 22.909934 72.167422 36.154242 62.335092 69.217126 96.057617 
-34.248651 -33.696245 10.211081 -26.844747 23.301206 -29.569062 -19.043875 -9.644977 65.057617 
11.562173 51.567515 -5.929355 24.272139 59.881164 112.392952 78.091114 57.749584 29.057617 
29.278490 -21.298467 18.091069 -27.913401 -22.788610 -7.179917 -35.697936 8.772723 -2.942383 
-16.456002 69.964348 54.590377 78.207858 36.983446 47.305943 41.964369 46.554774 62.057617 
1.591947 -34.202190 -79.932950 -12.440186 27.160243 7.753336 -16.491415 -10.010469 -33.942383 
57.609861 88.079156 35.558826 29.044132 42.121191 56.352660 44.721175 80.258376 37.057617 
6.955201 -1.436311 27.146563 26.154490 -30.915013 -42.238146 -22.768818 -16.005839 -19.942383 
37.391588 28.565470 -17.407358 93.608337 40.094062 65.467603 20.481091 43.738483 34.057617 
-15.825838 40.559892 -23.553306 17.845607 -3.033946 -1.174538 21.336721 0.342174 43.057617 
17.008871 -2.534666 33.750006 66.620052 49.355737 27.991751 45.961502 60.773427 27.057617 
-18.948850 -15.012513 6.499533 14.586669 -39.574355 -50.432856 3.154553 -21.179772 13.057617 
22.947214 28.272157 29.348670 81.517774 27.549778 46.641333 56.429074 32.618680 73.057617 
-9.829337 -0.662161 -7.963068 5.471553 -1.863557 -48.185875 6.814693 -17.765456 -6.942383 
11.631757 60.593484 52.544875 36.793205 44.826070 45.968140 94.317883 28.007095 22.057617 
-28.907307 15.935128 12.429362 -19.105951 32.998872 15.995446 -7.086115 -17.414287 4.057617 
24.304626 27.195599 12.793119 22.041602 69.963022 59.306518 36.125947 14.528595 50.057617 
12.232384 -37.344329 -21.012435 -32.036114 29.605773 2.757557 -17.457544 -14.113660 -48.942383 
27.876440 43.875320 39.140468 22.922490 41.103599 60.968695 81.542742 72.698082 40.057617 
2.016328 9.058880 -37.521659 -18.906501 8.341675 9.225768 14.907668 -15.374549 -6.942383 
71.805668 72.744329 34.535495 27.095549 61.205586 36.361721 50.654927 85.579432 71.057617 
10.800082 21.404836 22.586454 18.345043 29.728893 24.891057 14.312796 25.112406 41.057617 
-32.323954 -48.611178 -36.341212 -36.894231 -34.074530 -45.521797 -34.458773 -64.532641 -26.942383 
-84.518685 -102.166167 -104.701713 -86.071665 -80.372544 -80.132621 -67.157786 -64.494419 -35.942383 
-38.881590 -54.925559 -32.144242 -28.740631 7.391334 -30.344879 -19.926014 -20.556332 -23.942383 
-71.378391 -90.916416 -92.844239 -84.413643 -106.805613 -60.363540 -98.840111 -103.347236 -99.942383 
-43.169412 -27.409625 -51.125124 -10.580278 -7.341993 -12.098188 -34.830574 -17.629131 -31.942383 
-72.952930 -101.875600 -87.563163 -83.822345 -80.641604 -114.756489 -83.115892 -83.081156 -88.942383 
52.176697 46.965134 66.575398 52.428606 63.264449 35.375559 40.679521 30.495481 90.057617 
24.474099 0.222768 0.235568 10.604893 17.773903 -29.469338 -39.137287 -17.482605 17.057617 
19.537401 19.165062 52.448099 50.044872 35.551294 41.593829 53.214007 8.753439 47.057617 
25.970395 -20.087821 22.219424 -40.152852 -21.363470 -7.165587 -25.475716 2.046265 -19.942383 
88.110341 44.259471 40.573360 75.793638 42.247161 90.301740 20.472693 57.520566 -11.942383 
-16.525810 5.560775 23.362810 18.568738 -43.987647 -10.965990 21.200820 -27.571792 -52.942383 
27.492310 42.777414 43.088919 5.990398 17.788151 57.974981 21.790296 16.970046 60.057617 
-25.690185 -4.960757 8.200294 -23.301674 -34.045518 -39.735485 25.500761 0.534267 -4.942383 
-23.384987 -16.184150 -21.888095 36.719773 -54.723406 -0.183007 -40.699167 -7.838178 -13.942383 
-53.004204 -30.868552 -13.541119 -16.580692 -37.588566 70.538242 5.916090 4.285405 -5.942383 
-17.917229 5.657696 7.217752 -11.869489 38.116119 4.444899 -32.385655 -5.831406 -10.942383 
-13.414548 -54.909533 -36.061530 -57.199305 10.722546 -30.587186 1.523726 -47.682335 -18.942383 
-39.619269 -24.369064 -46.088258 -8.032567 -23.890546 -37.226419 -31.845737 7.933421 -13.942383 
-16.558255 -42.310610 -26.829103 -23.260363 -10.539056 -29.020424 -20.962268 -12.261332 -37.942383 
-2.589894 -42.686259 -36.925885 -50.274066 -39.312180 -39.100305 -31.239258 -48.816300 -27.942383 
-74.912016 -32.292602 -15.098881 -23.262306 -8.405351 -17.270690 -28.769909 -10.647962 -18.942383 
-24.662274 -32.647868 -2.329808 -33.880836 -20.827269 -14.017636 -32.002028 -45.037949 -31.942383 
0.740448 -34.231050 -55.599028 -26.346898 -17.850503 -30.292640 -31.365518 9.729078 -7.942383 
-63.732580 -4.568016 -29.314058 -9.294938 -17.920691 4.189344 -17.928665 -14.574778 -33.942383 
-65.749756 -21.095565 -48.407036 -7.042223 -46.771729 -21.143516 -22.423059 -38.305285 -16.942383 
-6.688106 -25.709380 -33.645902 -21.367984 -25.358955 -31.369809 -31.635371 -0.059692 -7.942383 
26.731330 5.598824 6.094825 -38.158143 -18.897064 -10.222223 -44.794874 16.209151 -28.942383 
-39.207601 -20.359492 -51.855540 -23.781030 2.056969 -9.330433 14.037426 -41.147356 -35.942383 
-36.198036 5.408337 -19.046923 -18.551173 -69.903309 -20.627775 -19.410811 12.986504 -7.942383 
0.064569 -14.563622 -28.811298 -20.849878 -21.580971 -10.196142 5.530044 -14.563892 -7.942383 
-25.788821 -32.675124 -12.866173 25.035959 -21.746064 -17.330540 13.770413 5.657173 13.057617 
17.583661 -13.264065 -33.612160 -36.318353 -19.538574 -4.410705 -40.501578 -48.575388 -5.942383 
-19.038844 -8.476297 5.376350 -13.135133 -4.324682 -8.711189 -31.898185 22.548916 -55.942383 
-12.020505 -6.029267 -42.279376 11.229940 -1.138822 -28.668252 -23.376634 -4.145652 -32.942383 
13.331050 -15.020536 -6.408796 -25.655173 -15.437458 -15.028682 -46.124928 6.628680 -44.942383 
33.271997 21.468181 -10.083542 -43.553702 -69.604938 4.000667 -8.616912 -26.103414 -43.942383 
-8.409491 -22.444319 -26.879641 -12.608003 -26.513644 -28.543609 -41.843107 1.894775 -35.942383 
2.686520 8.033772 12.166110 -20.071182 -7.527990 8.179791 -16.118447 9.715362 -16.942383 
-31.687804 -20.157251 -42.043416 -25.627678 -27.136773 6.233395 -38.330527 11.855521 -0.942383 
-16.504545 14.379322 -44.816615 -0.383197 -33.910143 -30.830431 5.314782 -19.459258 -22.942383 
21.455296 -8.175568 16.652255 -24.117447 -26.807471 31.290409 0.491056 -24.792870 -42.942383 
-43.025670 1.510417 17.014413 -32.930256 -41.528586 -3.677615 -5.529757 -41.631061 -31.942383 
-6.030000 4.810579 -23.866762 2.524189 -62.779918 -2.796765 -31.679551 -22.266589 -12.942383 
-31.629538 -23.648892 -35.081683 -6.022342 10.828955 1.519638 5.295867 -2.288376 1.057617 
-17.256542 -30.544200 -26.191007 -40.211917 4.167704 -7.209414 19.574074 27.377140 19.057617 
-41.323791 -70.588033 -16.785401 6.476873 -18.404026 -63.422481 3.646576 -32.635803 -32.942383 
-41.007056 -5.110657 -46.539809 -43.242639 -68.783017 -3.589824 1.663465 -20.690297 -34.942383 
-2.745799 -3.824538 -7.559838 -12.065767 -10.519656 -42.125364 -12.793651 -19.272082 -0.942383 
5.996396 -20.939199 -6.270549 27.551918 -14.257681 -32.472254 33.435819 -25.048007 15.057617 
3.184989 4.440667 -13.173975 24.347308 -18.235038 -3.763551 -14.706852 15.116512 -5.942383 
-23.707025 -17.050629 -38.535476 -9.774059 -11.171841 -28.864544 -14.265074 -24.817190 -13.942383 
1.759113 -33.762124 -36.668831 -21.924106 -42.484370 21.359434 12.846203 -7.672805 -5.942383 
-30.468586 3.602803 -24.231769 -30.667770 -44.077481 -24.256040 -26.232979 -36.145750 -12.942383 
-13.301692 -39.061610 48.895393 10.405474 -24.463372 -2.359081 -16.497531 -26.187324 -25.942383 
-50.169479 -13.623147 -26.548176 7.456767 -12.380286 0.534812 -36.520168 16.337921 44.057617 
-21.980197 -9.953368 -35.858543 -14.646279 -5.337232 -6.331034 -20.099560 -11.872025 -15.942383 
-10.247053 5.990156 5.818035 -51.752558 19.457097 -27.436790 -41.639974 10.851889 -21.942383 
-49.436150 -17.987673 10.414455 -1.470167 -35.104331 -16.314531 -32.621289 -10.422199 -25.942383 
12.574785 -35.273301 -28.366554 -14.467078 4.556694 15.408841 -9.853969 -26.002794 14.057617 
-11.938937 13.408748 -15.865949 28.848799 -13.627264 -30.346840 -38.168300 4.586074 -11.942383 
-13.416799 -21.005952 -27.130178 -15.135966 -7.289015 -50.301989 -17.239377 -22.076079 0.057617 
-7.260044 -31.546006 -17.528821 -25.976480 62.541842 -8.471740 -24.727182 -17.142242 -21.942383 
0.355737 -33.470594 16.192158 -23.459098 -25.756201 28.935959 -6.828705 12.176043 -16.942383 
32.760894 -21.297910 -53.658254 -4.545373 -7.204529 -51.476680 -24.597755 -13.198692 -22.942383 
6.219714 -13.945627 -10.881266 -67.142218 -5.584182 -6.587816 -9.522809 -5.990282 -9.942383 
-11.842305 17.370048 6.008031 -34.027084 -15.138071 3.929311 -45.275150 -11.550572 -13.942383 
-48.738432 -42.897456 0.474004 -17.676467 12.034359 -21.914905 -39.399345 -22.571124 -20.942383 
-21.696360 -8.752731 -66.607380 -30.231547 -52.162561 -22.079174 -38.035237 -39.518183 -29.942383 
-5.197162 -47.049866 -37.645150 -14.374037 -7.488441 -0.634009 -31.392359 44.504984 -1.942383 
-17.452572 -63.253763 -18.969724 -13.934095 -22.581813 -21.478036 -34.975938 -15.706707 -19.942383 
-18.311028 -12.390213 -37.792168 -18.708640 -13.733479 -21.184993 -18.313111 -18.241844 -22.942383 
25.263415 0.238911 4.994996 -32.021984 -24.611087 -3.091443 -3.946872 -13.197375 -17.942383 
-39.067324 -8.617880 -21.146680 -92.098737 -12.024111 -14.501760 9.110996 -29.337516 -30.942383 
-19.297940 -41.382016 -23.333616 26.434585 -17.771808 -21.805652 7.058314 -38.042084 -34.942383 
-39.875238 9.049915 4.080163 13.553595 17.095689 -1.634545 17.043332 -34.939275 0.057617 
14.041754 5.625163 -41.816247 5.275365 6.761953 -24.502916 0.297497 -48.179428 -7.942383 
16.612902 5.092718 -4.572505 -34.204241 14.647962 -33.708680 -37.199284 -16.693295 -24.942383 
-32.714338 -61.693813 -52.869480 -11.005744 -52.968320 5.676739 -53.565928 -35.130098 -15.942383 
-68.199697 11.813122 -33.095326 -23.598576 -14.008434 -29.923935 -13.719618 -32.779603 -13.942383 
-10.479878 -10.706052 -33.980551 -29.828300 21.080354 -49.150175 -44.494815 38.840826 -30.942383 
-14.265601 -37.466510 -11.824675 -20.814734 1.639025 -14.425436 -6.140154 -22.174512 11.057617 
-39.627438 -15.344324 -27.269773 -18.489557 -5.232520 8.565773 -22.314380 -20.844456 -10.942383 
11.691557 -32.365412 -37.761668 -0.503124 -35.648852 21.430409 -8.640697 -5.229071 -1.942383 
-54.915380 -1.291931 -26.055231 -19.774646 -0.236706 -8.326655 -19.448182 -47.660130 6.057617 
13.383938 1.613059 3.283304 12.970119 -3.611942 -10.122998 -1.220709 -25.428224 -7.942383 
-51.719031 -28.528269 -25.113348 -21.219609 -20.096663 -23.538558 -15.368503 -37.149107 -25.942383 
-31.100400 -16.713571 -37.691374 -8.643473 -27.634101 -42.047855 13.006855 -12.419589 2.057617 
-29.861017 -10.025164 -20.458497 -18.867817 -39.246625 23.561468 -11.714755 21.710379 -23.942383 
-20.347942 -5.249436 2.538682 23.439590 5.172903 -18.577818 4.313186 -12.705803 -21.942383 
-33.200217 -18.746785 -9.391671 -77.960481 -10.715349 -7.154129 -32.957332 -6.115516 -34.942383 
-5.088288 -33.813305 -52.152168 -6.679321 -41.115010 -52.639351 -16.208749 4.008960 -6.942383 
-14.269432 -3.568191 -50.537812 1.928982 -10.621339 -22.151349 0.704824 2.563429 -39.942383 
-28.201791 -33.770163 -19.134152 -7.220833 -21.445152 -62.276880 -2.583054 -2.013504 -7.942383 
-14.509890 7.588663 -17.888245 9.959694 -45.445443 -4.608061 10.205779 20.723186 -51.942383 
-23.065376 29.660227 -35.432078 6.342433 -34.651720 -39.024563 -48.964974 -18.777334 -26.942383 
-1.082531 -67.577240 -47.448258 15.885281 28.509879 -8.957436 -25.797746 7.616066 -24.942383 
-30.264701 -17.083575 -26.646563 -10.903390 -41.176390 -28.972103 -30.910087 -4.152167 -6.942383 
-24.363155 -10.912401 1.342152 -33.310672 7.159934 21.995739 -17.669874 -2.214881 -26.942383 
-2.465697 -18.978434 2.041613 -6.388712 -41.382590 18.279084 -43.057137 16.099290 -20.942383 
-11.744839 10.545634 30.560037 -18.957662 12.198047 1.866616 -2.585238 -9.247359 -33.942383 
-28.572994 2.987495 -34.189099 -7.722972 -20.962654 5.115056 9.248103 9.779443 5.057617 
-26.450435 -20.271377 -3.481939 -21.013596 -15.693911 -38.568558 0.493969 3.333146 -45.942383 
-6.012796 -6.626786 6.113825 -20.667373 -4.537368 -4.446146 -8.756657 -31.644016 -40.942383 
-29.540885 -3.373907 -5.223028 -19.152820 5.299965 -40.967996 -10.659741 -37.762749 -22.942383 
-21.950959 -6.096593 -3.705631 -21.996704 -18.887604 -21.503685 -0.733135 -2.166601 -2.942383 
-18.535605 2.080428 -13.190120 -19.594628 -12.298965 -3.279658 -46.371907 10.125482 -17.942383 
-1.408157 -18.484683 21.672421 -1.452100 -9.591862 12.817528 -17.677556 -4.115534 -45.942383 
-2.530106 9.015870 -53.133477 -39.791134 17.415182 16.584897 -18.883961 -40.439909 -45.942383 
-10.126997 -22.179158 -7.785893 -15.255650 -19.919810 -11.006284 3.616441 14.140520 -17.942383 
-17.652973 -35.467823 -46.150805 -6.560663 -32.745300 -8.521215 -39.450650 -18.936161 -35.942383 
-38.609415 -27.349426 7.409014 -33.112632 -54.349125 -23.557241 14.855956 -2.140122 -62.942383 
0.562170 -33.173337 1.681161 -13.480486 -18.046541 3.938970 -17.136327 -20.298545 -5.942383 
-69.383527 -18.652180 -32.097146 -32.852948 3.924183 2.530309 -31.567311 -18.618301 -42.942383 
-32.541171 -8.517416 -0.783733 -25.755434 20.887486 -31.806964 -34.157879 4.812739 -20.942383 
-22.340500 -18.980696 11.394899 4.437277 -6.143177 -31.975154 -1.948857 -38.226728 -28.942383 
-25.168387 -12.085758 -29.788135 -40.791247 12.738498 -46.323995 42.013259 -8.423943 -24.942383 
1.152133 -16.181765 -20.028633 -5.811029 -18.653534 -36.771401 -57.075036 -15.905082 13.057617 
-2.672311 -6.966657 -22.195824 12.517663 -12.455694 -37.420209 16.962866 -21.165146 -11.942383 
-8.219851 4.306131 0.122724 15.040565 -13.518564 -48.447321 9.900712 -20.308033 28.057617 
20.328150 -13.579235 8.776241 -21.098482 -10.017697 -19.800740 -62.679320 18.795150 -36.942383 
-31.745898 5.524745 -1.273205 -39.163982 33.483664 -39.233050 -31.124718 -10.063852 -10.942383 
-38.628431 -25.868597 4.687500 22.519499 -7.697262 -8.183037 -1.142019 -18.883124 -21.942383 
11.956495 -57.482286 -6.457371 -21.902879 2.265716 -4.687126 -4.981898 12.391324 -44.942383 
-28.540452 -34.308418 -6.996315 -14.030256 -30.778901 -14.447230 -26.456832 -7.875577 -35.942383 
-26.229451 12.582947 -39.780209 -15.645539 19.413170 -17.428746 -14.274607 -28.726226 -49.942383 
-36.824785 -8.125083 2.689168 -34.588895 13.165355 21.974451 -24.629975 -13.680163 -31.942383 
-2.525098 -19.911605 -82.207229 28.455366 -9.414195 -23.226282 -33.679862 12.884913 -24.942383 
-9.635828 -4.024424 -23.359887 -0.046303 10.178088 -0.485673 -32.101224 5.051636 -46.942383 
17.747318 -33.826973 -18.386353 19.768703 -24.722130 -13.878966 -41.849228 6.450123 -40.942383 
0.034722 1.359091 9.721996 -0.293908 39.178446 30.862659 -7.514231 -10.619974 -23.942383 
-0.491079 -40.006081 17.563996 -7.992305 -15.878172 5.546625 -14.135741 -8.460339 -24.942383 
-12.213929 -28.022240 -0.759332 -23.492118 -11.707615 -27.435032 -25.327511 4.145815 -6.942383 
-10.234849 -9.896239 -57.969212 -43.095222 -29.650299 -55.047794 -17.838516 -33.931867 -34.942383 
-36.954277 -6.542828 -27.879294 2.906135 -19.257025 -47.181407 -43.372524 20.664988 -25.942383 
8.866613 -13.183022 15.283360 -14.859319 -53.442755 22.682580 6.272523 -33.235655 -14.942383 
6.993263 -4.667132 7.375808 27.819840 -22.624150 -29.201033 -6.951273 -16.803232 -18.942383 
-66.210730 -0.101600 0.212728 2.930373 -39.972485 -48.871792 -5.623657 -18.606533 -57.942383 
-24.676241 -57.083286 -12.043909 -14.525303 -55.625353 -24.695325 -17.523945 -17.545956 1.057617 
-27.368996 -40.775835 -28.496729 -2.915692 -17.694585 -36.177133 -8.705221 -7.076247 -20.942383 
-27.592391 4.847286 -10.701213 -4.386652 -4.789748 -4.469484 8.014724 -47.515499 -13.942383 
-19.754742 -23.373876 -13.515589 -3.789759 -22.128487 -30.349003 -61.344656 -9.298795 -9.942383 
-8.690578 -55.386423 -36.683967 -31.460104 -20.123709 -1.099592 -66.772613 -8.987498 -29.942383 
-20.301862 -48.019136 -32.067724 -12.111903 -32.836043 -23.849449 -14.054417 -6.349218 -47.942383 
-28.226100 -3.962962 -34.961452 -13.971940 -33.473318 -40.988654 -22.608655 -37.973551 -11.942383 
-17.196509 -11.306838 -34.183588 -19.366668 -44.468417 -8.982759 -44.489476 -6.620619 -28.942383 
-20.393736 -17.305601 -17.704415 -21.786043 -26.736462 -37.107735 -33.096694 -47.133353 -32.942383 
-8.217289 -28.409010 -22.783643 -32.740079 -26.736282 12.069457 6.221080 -14.084814 -28.942383 
-35.168192 -12.634741 -8.388284 -15.455001 -6.660431 -5.616029 -40.776284 31.464342 -23.942383 
-26.580661 -1.429269 -12.093018 -45.650843 -45.363388 -29.383068 -34.865500 -29.886045 -11.942383 
-20.667105 6.572330 -7.008687 -20.897682 -4.216538 -11.934610 6.880051 -13.459791 -23.942383 
-17.271848 -16.992431 -17.283582 -20.946651 -30.795871 -1.653583 -49.125889 16.246255 -11.942383 
-16.953488 22.357988 -27.620883 -19.870564 -27.533227 -5.299244 7.673074 -4.002109 16.057617 
-17.958518 -13.820939 -13.954292 -8.616156 -58.757642 10.862411 -24.281338 -5.870910 -36.942383 
-1.857809 12.434369 17.487052 -20.661009 -19.490878 -45.827364 -27.803908 -5.630066 -30.942383 
-40.429977 -2.875424 -33.537567 7.810065 7.706257 -33.893404 -14.875425 -15.859646 -18.942383 
-20.533688 -1.963232 -16.864392 -37.264774 -1.763358 -14.778019 -35.485255 -33.568353 -11.942383 
15.561533 -32.084599 -43.360879 -43.957059 0.139265 -31.948687 -50.199514 -22.592999 -32.942383 
-3.977494 -1.825358 -54.674935 -9.401417 16.236856 -19.778487 16.769486 -6.166808 -1.942383 
-1.439544 -11.088850 -23.037492 -20.426171 -16.414910 -29.271952 -31.506237 5.785269 -11.942383 
-36.513897 -13.987121 -18.931024 1.640169 -32.116024 -36.964876 -16.084042 -22.423580 -44.942383 
-55.014058 13.322634 2.675672 -6.689510 -19.456700 -44.840180 -5.415891 -25.768848 -15.942383 
-7.532954 -6.735198 8.955273 -6.613325 -34.821595 -32.895489 -50.680728 -16.296166 -26.942383 
-9.214680 -16.321697 13.212745 -5.794228 -53.170771 8.573128 -25.068244 7.003065 7.057617 
-15.541511 -9.872083 15.152231 -34.314133 9.466075 30.041586 -4.801899 6.731153 15.057617 
-6.684396 -1.524625 7.234847 -50.376222 -23.473185 -12.373647 -2.171189 13.884081 -23.942383 
-8.324595 -24.466919 -16.941041 -21.223551 -17.600404 -30.019762 -16.285394 14.679290 -50.942383 
-15.807608 -4.450944 -25.992946 -42.879757 -66.503238 11.505329 -11.507227 -6.673239 18.057617 
-10.603434 5.927538 -8.459170 -19.232481 -0.846512 1.785407 -12.918000 -0.426202 -6.942383 
-9.947215 -26.719452 -32.325109 -26.937669 -49.851733 3.065280 -14.638820 -2.972780 -23.942383 
20.161972 -43.503713 -37.413343 -7.061369 -50.630250 -29.264869 -28.127353 -36.893759 -25.942383 
16.426679 -37.539732 -27.979710 -3.762278 -12.663524 0.006067 0.350887 -2.215473 -49.942383 
-40.031367 5.978152 1.418456 -34.932949 -38.154565 -19.258127 -33.996810 -19.729274 -17.942383 
-61.375771 -19.732004 38.931243 -5.447222 31.242848 -43.402672 -20.529533 -30.052876 -33.942383 
-31.671519 -56.917767 -43.887214 4.278171 -7.951681 -49.104345 -3.508808 12.806477 13.057617 
-61.126727 -35.242942 15.255611 -34.190406 38.584492 -32.360043 1.398093 -12.503917 -38.942383 
-5.320697 -9.880003 -21.703788 -11.057193 -1.409144 -12.286157 40.092121 17.287204 -13.942383 
6.519089 -19.000520 5.157844 -26.844389 -11.884003 -66.340984 -30.562675 -8.434320 -13.942383 
-22.702230 -27.128453 -1.161861 -41.194214 -27.640873 -6.663000 -15.628394 10.511835 -4.942383 
-51.416921 26.560741 -46.639386 4.862493 -25.175762 5.913588 -35.863861 -13.707438 2.057617 
-11.751824 -24.606910 -16.122862 -33.365840 -25.191753 -27.474880 -49.189499 0.529588 -6.942383 
7.898199 -27.446110 -46.651524 -10.209295 -47.311617 -19.488418 -14.936777 8.924304 -28.942383 
0.182119 -7.912124 -5.259679 -16.211696 -55.083508 -0.516305 -7.165017 -23.892260 26.057617 
-5.999070 -11.378604 -19.945212 -24.777977 -14.286783 22.572670 -36.066410 -72.944675 -4.942383 
-16.065479 -20.863219 1.218446 -37.395288 -23.119872 -20.065752 4.922162 -31.598903 -31.942383 
30.436056 -19.897534 26.001793 -28.998051 -21.020982 -59.717510 -9.767647 -4.523112 -22.942383 
-8.222657 10.526473 -30.706145 -35.979832 -8.124298 -33.738306 -18.631837 9.681525 32.057617 
15.888392 -17.392641 -28.274479 -39.928242 -13.145567 -43.042820 -7.719932 -33.739766 4.057617 
-14.651513 -6.635589 -58.204745 -23.716042 -37.785164 -44.828382 16.974243 13.525705 -15.942383 
-34.093530 -35.982204 -23.338699 -8.956701 -1.958308 -11.232579 -9.621384 13.792736 18.057617 
-43.033500 -7.805141 -53.906670 -28.308025 -30.580380 -6.824928 3.499521 -38.127292 -68.942383 
-5.716752 -22.548002 -27.364312 -3.832212 -13.481586 -6.786537 -34.237269 -7.767804 -39.942383 
-21.488418 -10.455946 -19.879190 -15.848639 14.995481 -2.712433 -41.609920 3.417947 -9.942383 
-26.629029 -7.705515 -33.276929 -2.300997 -16.691071 -27.078171 -4.550066 -32.517178 -54.942383 
-16.830620 -4.157019 -22.774745 -26.882482 -6.466654 -12.697623 -36.171649 -31.177938 -27.942383 
-20.858464 -17.035334 -13.206289 -35.625146 -30.544270 -10.704921 -16.378328 -32.363244 19.057617 
-30.617367 7.334082 -63.729567 16.070812 -40.537562 22.387902 -28.075305 -13.094171 16.057617 
-27.531696 -17.903274 -35.870704 -31.809592 -33.506724 -16.082708 -11.763224 -21.954300 -26.942383 
-1.485992 -16.316731 -49.461062 -17.967724 8.491546 -5.808367 -8.856738 -25.890851 -32.942383 
-47.448459 -44.548688 -29.359507 -8.808708 -12.405885 -45.579639 -7.914118 -5.355151 20.057617 
-12.175787 -13.712723 -42.835989 14.669291 -25.916103 -4.519976 -16.851258 -49.129820 2.057617 
-9.786620 1.052679 0.451237 -36.528846 -37.757690 -44.842024 15.481528 -26.959163 -12.942383 
-21.439310 -53.872041 -21.399113 -23.516659 -10.863892 -19.506061 -30.053939 -20.755166 -17.942383 
-13.838177 17.268281 7.091687 -27.345220 -25.069551 -28.169232 -34.758036 -27.414092 -12.942383 
11.996344 -17.834250 -31.402018 -27.002019 12.698533 11.596342 -21.348326 -19.503345 4.057617 
2.008955 -53.840281 4.327478 -5.988128 -39.755756 -31.927483 -7.614970 -7.057536 0.057617 
-0.538825 -27.826114 -11.751220 4.465580 8.308854 -31.076486 -38.893772 -10.753223 -27.942383 
-12.451849 -23.954831 -28.882549 -0.199986 -21.408809 -10.167532 -44.471242 -32.467187 -2.942383 
-18.213053 -26.460816 -15.434815 -22.531462 -44.330922 -60.284515 -29.534381 -28.904132 -5.942383 
-9.151972 -10.460229 -39.614391 6.850859 -23.100119 -22.421085 20.208073 -1.873950 -33.942383 
19.317504 -31.334689 0.996345 10.695391 6.035095 -11.847735 3.002217 -9.766805 -26.942383 
-4.313377 -10.555215 -20.123577 8.918888 -13.515955 -10.993169 14.847904 -9.281566 -16.942383 
10.159517 14.119375 -1.130224 -8.753047 -13.622017 -20.563227 -30.896427 -15.910663 21.057617 
-10.097817 -29.893515 -31.524608 -18.932004 -10.484985 5.416996 -15.178468 11.429055 -10.942383 
-21.960348 -30.147563 -13.351140 -37.835516 -24.758888 -40.979748 4.838119 -27.455911 -24.942383 
-64.387443 -39.010831 -26.493827 -22.971258 8.832940 8.045984 8.723636 -53.140647 13.057617 
-6.053703 -22.561809 -14.027840 -0.556181 -15.510359 -15.974479 3.482065 12.115303 -26.942383 
-33.447920 -37.565943 -25.259132 -39.331284 -14.633775 -17.073318 -69.263565 6.012430 -13.942383 
-20.541312 -6.260157 -29.650049 -1.680833 -25.376774 -14.032299 22.607206 16.130216 -16.942383 
-4.552981 -21.623138 -14.595842 -22.790509 -13.873339 -36.165504 -42.394830 3.769262 -14.942383 
-23.834829 6.405982 -27.988983 -17.811948 -45.005195 -40.076860 -22.275233 -57.825167 -14.942383 
-26.792994 -28.631696 -37.040163 15.272270 -2.902388 17.583596 23.454840 -40.426793 24.057617 
-15.133246 -17.189029 -34.517227 -8.007860 -34.669643 -10.505455 -27.948819 -38.705437 -5.942383 
9.581507 -26.824884 25.991137 -18.851139 12.969311 -20.585646 -5.097105 -27.320571 -26.942383 
-33.342090 -18.065156 -37.599607 12.162576 -48.235905 -25.141758 -34.969763 -25.536691 -33.942383 
0.651902 -36.858416 -22.116295 -17.555624 4.613299 -26.461760 17.030538 34.811964 -45.942383 
12.614718 -65.321042 -20.994227 -33.826380 7.118429 -1.110202 7.657543 -14.264635 -20.942383 
-32.099619 -39.501705 -12.178225 -33.903390 -17.412372 -12.515416 -8.650205 -7.913014 -45.942383 
-20.559102 8.137355 -26.389242 -8.221961 -56.097874 -18.360164 -48.362974 -6.571985 -6.942383 
-30.068270 -19.019260 -21.259099 -13.423042 -17.428367 -15.621685 16.655841 -32.508727 -23.942383 
9.242513 -28.544983 -9.477344 -17.294355 0.558457 -25.592628 -55.606808 -14.110238 1.057617 
-15.337085 -47.339832 -44.470319 8.738108 -25.592769 -10.513009 -18.835873 7.090937 -50.942383 
-33.533023 2.076266 -2.117595 7.993516 -19.924062 -21.783290 -10.495944 -27.045131 -1.942383 
39.593134 9.008161 -49.048450 -25.450444 -13.903786 26.188297 -1.679538 -35.114204 -13.942383 
-17.490178 5.669551 -21.050559 -34.160878 -36.897790 -10.309691 -18.673242 8.240646 2.057617 
-12.116646 -32.096200 31.918292 -50.864108 -0.313210 -24.545270 -26.742475 -19.192631 -20.942383 
-18.234088 -24.725144 -15.947677 -48.167995 -8.601265 15.295554 -9.605152 -18.898170 -51.942383 
9.424488 4.517875 8.337819 -21.791051 -36.099171 -24.772086 -17.631897 -19.976406 -29.942383 
-25.070088 -5.477252 -10.550904 18.539075 -41.742202 -91.334264 -51.567268 4.570754 -51.942383 
6.701094 -11.498572 3.994698 -20.968060 -28.190954 -37.390878 -39.288858 1.845490 -7.942383 
-44.247412 -32.660948 -24.786944 -3.704100 -22.877746 -41.209611 -21.547360 -27.054623 -21.942383 
-31.707737 -35.003204 10.013317 -33.329968 -47.403768 -21.181281 -28.402665 -27.639959 -29.942383 
-5.940450 15.056074 -17.279930 -5.046214 -48.325091 -59.516805 5.698252 9.895731 -26.942383 
-30.979432 -3.044106 -31.616216 -55.909635 -10.212616 -1.728123 -22.095924 -13.400891 -8.942383 
-58.126080 -31.694216 -37.924462 -8.183042 -0.873291 -9.710486 -34.160677 -7.610852 -5.942383 
-4.984464 -4.871184 -6.916399 -47.303194 -24.332356 -13.055086 2.759575 18.670521 -5.942383 
-37.984739 -26.585115 -36.685677 12.434076 -32.362013 -23.479949 -33.384144 -11.253998 -12.942383 
-25.801323 -12.498907 -20.283587 -3.560113 8.132903 -44.391792 -6.099505 4.122669 -34.942383 
5.065441 -34.275246 -17.847925 2.921755 -54.483880 32.483971 -50.814412 16.929894 15.057617 
-18.692168 -56.844361 8.522741 -6.468706 -44.991926 -26.063337 11.974715 -27.947667 -1.942383 
-19.196136 -27.109398 -13.264841 10.169516 9.176606 -26.619248 -27.281420 -35.228166 -22.942383 
12.914463 -23.372196 -12.340490 -15.760897 -12.691872 -44.133098 -33.587734 -4.218153 -28.942383 
-17.197686 -4.433769 -13.838620 -37.703292 -17.807752 -30.356380 -31.231895 13.767446 13.057617 
2.716410 -8.659982 -15.420614 3.440935 -6.962139 -18.343955 -18.630011 -21.096182 -47.942383 
15.769612 2.027599 -11.981051 -20.335331 -3.997166 -32.833129 -30.943797 2.877031 -33.942383 
-22.778458 -36.013024 20.485286 26.914979 -55.410969 -27.930476 4.751424 -14.985585 -39.942383 
-51.035196 -22.958839 -24.971643 -8.787966 12.864032 -32.130855 -17.208382 -15.998599 -17.942383 
14.159688 -43.132000 -34.418720 -22.580011 -66.053832 -0.100664 -6.935545 -2.789132 -23.942383 
-9.684686 -17.552613 -9.056855 16.063151 -4.942172 -1.122760 -27.487658 -50.223204 10.057617 
-36.353374 2.566046 31.822437 20.307033 -18.005389 -14.682453 -25.201341 -14.977296 -31.942383 
-1.388694 5.438737 10.182831 -14.764161 -39.778289 -13.384000 -39.988128 -12.518919 -40.942383 
-12.094555 -18.772311 -9.801905 -24.202175 -1.035190 -36.580261 -36.053036 -25.870285 -14.942383 
-9.963265 -24.041241 -8.575806 -41.580482 12.603392 -38.074955 -17.040477 -8.647301 24.057617 
-6.392852 -8.666132 -43.044593 -33.857671 -57.594143 -31.333462 2.670090 -2.154494 -22.942383 
-23.600100 17.424481 5.490389 -26.913678 17.831549 8.285634 -26.960455 -40.997672 -38.942383 
-37.247214 -47.374457 11.649633 -22.084820 -25.182890 8.655250 -28.306756 17.895484 -22.942383 
-66.952054 11.025819 -27.675988 -24.203627 -27.604305 -7.914820 -21.284009 -30.631048 -36.942383 
20.346479 -5.359746 -39.227091 8.714373 -34.213832 -27.515868 -8.017907 -0.350231 -7.942383 
6.043194 -25.832867 -22.414011 -22.163456 1.476272 14.914731 -26.109549 -6.331918 -6.942383 
-83.113629 -28.454378 9.614370 -13.647191 -33.551255 -30.899249 -9.146893 -8.726067 -12.942383 
-31.149743 -17.247813 -8.809267 -24.817407 -4.345890 -17.459643 3.101924 -33.064413 -61.942383 
-11.978597 -62.598672 -57.044410 -43.601007 -10.989448 -8.632554 -63.401609 -3.941297 22.057617 
-36.250874 -18.618292 3.736210 -6.011366 -31.305977 7.033546 -3.764429 -14.768234 -46.942383 
-34.240096 -31.808862 -4.986092 -31.422982 -15.174054 -8.932625 -12.952664 3.578324 -44.942383 
-22.376918 -23.081818 -9.625098 -26.045481 -36.058577 -34.894628 7.390369 -47.802327 -29.942383 
-0.821786 -8.278127 -19.206330 18.224722 -33.404063 -30.513725 -20.728637 -19.013050 -24.942383 
-63.866774 -4.560748 -7.721379 -11.364569 10.109237 5.982360 -17.862545 -28.625311 -24.942383 
-33.266518 -39.874857 -11.802276 -49.205897 8.920073 4.440507 -32.974631 -23.477505 -30.942383 
20.033778 -40.427569 -33.729437 -4.003439 -2.784984 -28.576420 -27.930881 -60.345215 -15.942383 
6.083939 -48.947264 -33.603926 -23.835401 -45.372230 -3.406383 -46.185413 -24.061036 32.057617 
-1.581446 -18.597266 2.619254 -8.041218 18.235509 -42.105708 -57.446724 -22.000188 -25.942383 
-53.754508 -12.245097 -34.461641 -48.983378 -23.792522 -8.507002 10.295186 -27.216789 -22.942383 
-23.929584 -23.335234 -35.432036 -25.774974 -38.517932 35.199830 2.171685 24.970471 -7.942383 
-6.508374 -1.817248 -15.895639 30.704419 -12.297951 -36.054427 -26.919761 11.650333 -42.942383 
-1.667800 -36.285605 -31.421401 13.776147 -6.292109 11.300611 -8.291726 -17.911106 -13.942383 
-21.367204 9.321866 -26.526981 -16.255848 -3.453162 -2.796215 -28.140631 -38.982455 24.057617 
-40.570486 -24.852624 -32.561027 3.553580 -27.194664 -27.228190 -58.682856 -36.679420 -14.942383 
-39.692604 -11.301736 -30.060308 7.104893 -14.497635 -26.618088 5.043081 2.687262 3.057617 
-3.631371 -20.863246 -6.871544 -33.872066 -24.717329 -3.697162 13.148512 -58.096516 12.057617 
31.458514 -13.919173 -3.053870 -26.904199 -10.121305 -38.651856 42.109443 -5.694206 -20.942383 
-24.465621 22.578134 -55.136224 -7.107787 -22.375237 8.127075 29.651815 -44.440429 -36.942383 
-19.277490 -30.016618 -42.647190 -37.496121 -47.087600 -19.522012 -25.217490 -36.292729 -4.942383 
-9.775663 -13.323136 -22.473114 12.320948 -6.273582 -18.220583 -19.694464 -40.332934 30.057617 
-33.737122 0.492350 -7.235472 7.247750 -19.049344 46.081822 19.371634 -20.498506 -9.942383 
-28.291346 6.014158 -23.573495 -25.546897 20.734386 -2.407008 -24.655905 14.232068 -7.942383 
-28.456794 5.469153 -21.142032 -31.447159 -33.363426 -26.783593 -21.519095 7.236517 -23.942383 
-18.962038 -21.729482 -49.181713 -23.963727 -27.155309 -9.564906 1.831704 -9.364512 7.057617 
-52.172222 6.978295 -35.078309 -49.772686 -15.500830 6.627542 -60.464485 -17.790720 -5.942383 
-9.451270 -20.111093 -25.619462 5.941723 -10.294656 -17.281509 -1.686388 -23.624844 -39.942383 
-22.540334 -23.301775 1.086875 14.139024 -46.164517 -25.962735 9.534108 0.552681 -10.942383 
-21.643172 5.668702 -23.065800 -31.434088 -28.149429 11.836070 -54.223392 1.232400 -8.942383 
-48.409312 6.124788 -15.019720 -32.889655 -11.443396 -53.350377 -45.662321 3.324634 -8.942383 
-30.679023 -0.825305 -48.637692 -4.470553 -24.215185 -42.350956 -32.154451 -14.177779 -13.942383 
37.262005 -3.444612 -13.386351 -35.873980 9.925700 -15.311864 -18.545430 -52.864243 -27.942383 
-4.813482 -14.042498 -5.534171 -14.722017 -36.252526 -36.790141 5.860831 7.098562 4.057617 
-47.364914 -65.562566 -28.333707 -19.039856 -21.338681 -11.802990 -13.379288 17.366630 -30.942383 
-49.723036 -45.554730 -9.887149 -10.392749 -8.262680 28.220300 -22.026783 -49.434846 -23.942383 
-34.984257 -29.519691 -10.643158 32.206308 -15.105054 -2.394979 -23.982647 -30.258042 -15.942383 
-26.449788 -17.443761 -33.958255 -15.192793 -28.470647 -64.109120 30.983121 -10.125907 24.057617 
-47.693810 -20.410974 -8.898935 -35.863213 -2.506875 -4.088808 -11.118178 29.378619 -49.942383 
-39.042059 -1.045960 -4.555262 -14.298022 -31.845599 47.138787 21.812080 -35.586350 -20.942383 
6.719159 8.483990 -20.741757 -14.349715 13.754241 -3.217073 3.433719 37.555885 -45.942383 
17.369088 -34.845308 -28.386539 8.935342 -28.565400 -3.197112 -6.368500 -33.010513 -34.942383 
-13.180961 -37.037642 -4.169950 -16.502091 -8.525314 -36.997482 -19.650074 3.649274 20.057617 
-11.474212 -22.561285 -37.234734 -18.307534 -36.866179 -29.361653 12.972015 -8.994349 -42.942383 
-15.323267 -15.670840 -33.597423 -4.391311 -33.691043 6.162152 -13.217909 -86.179283 -50.942383 
-2.883553 2.074254 -16.188862 -9.077857 48.283022 -25.073810 4.880901 -46.387476 -16.942383 
6.808269 2.455947 -46.177598 -1.350167 3.727608 -2.454424 -22.133695 -22.154374 -20.942383 
-42.811360 -24.060545 21.265744 -21.727563 -22.199936 -5.295932 -33.786693 3.419064 -14.942383 
27.771069 5.520936 2.760265 -13.119174 -19.014833 -23.596535 -27.019286 -34.224364 -19.942383 
-51.962364 -21.684210 -23.739551 0.554807 -13.470367 4.305296 -21.042605 0.140020 -51.942383 
-52.410308 -10.642598 -18.990671 -42.286276 -26.316389 -1.509193 -33.713449 -30.068716 9.057617 
-24.021647 29.903021 -36.703581 24.145808 -5.721137 11.498468 -36.076894 -8.899652 -22.942383 
-27.567459 -1.128911 20.612883 2.224903 4.414605 -11.112408 -32.836789 -36.586635 -18.942383 
1.949034 -17.133448 -18.883545 -17.320007 -6.092021 -46.552712 -43.282457 16.467308 -49.942383 
-19.376442 -31.152488 -25.075415 -21.182408 1.907377 -34.942190 -32.326208 -33.122522 -34.942383 
-37.388985 -15.443792 -50.669066 7.620871 -49.504694 -15.124300 5.392014 -57.613293 -6.942383 
-10.331059 -27.391552 -52.105350 15.317425 -54.638568 2.238247 18.000678 1.041110 -5.942383 
-13.651931 -17.420675 -43.126964 -55.052460 10.314849 28.957278 -34.290835 -28.229337 -38.942383 
-30.413099 -10.407224 -14.900630 -41.586529 -13.334049 -5.796110 -24.833584 -16.385148 16.057617 
1.088743 -7.110036 -15.697702 7.463031 -10.654154 -33.606939 -11.066854 -14.101676 0.057617 
-9.173097 -42.121016 -11.360048 -23.380653 -12.428365 -37.697470 -27.405369 -22.959100 -10.942383 
-44.288839 -20.993561 8.321067 28.907663 2.884807 1.185363 -15.242509 -18.253478 -41.942383 
-5.572535 -48.009880 -27.788800 14.073960 -12.619795 -21.348105 -24.849539 0.857501 6.057617 
-26.941606 1.380496 -26.896636 -35.334931 -50.763398 -24.701799 18.763384 -19.294621 0.057617 
28.431599 -0.839399 -22.219014 7.026695 -22.945072 -5.773825 10.799281 -60.203795 -46.942383 
-7.839679 -52.375340 -12.305147 2.769303 -33.573582 -24.452622 -5.618462 -6.128206 5.057617 
-19.880603 -71.706145 18.269729 12.071102 -35.656705 28.328807 -14.999696 -30.205748 -21.942383 
-58.611634 34.617188 -10.247815 -46.022472 -20.950722 -37.532643 -45.532796 -21.703573 -45.942383 
-8.779784 -23.968398 -6.819155 3.245603 -69.943459 -12.784145 -40.581894 -46.339643 -26.942383 
-38.347011 1.301988 15.400135 -44.364075 -36.619648 -18.634841 -8.536636 -21.630686 -24.942383 
5.464598 -0.575320 -3.913707 -37.816119 -10.540923 -59.662728 -10.679637 -41.945368 -16.942383 
-17.188480 -27.589149 -28.007112 -20.434222 5.115520 -68.868598 -7.648350 -15.321250 25.057617 
-39.971352 4.192894 -99.219734 -18.706223 -36.056914 1.154270 -44.580463 -8.275846 -66.942383 
-0.455306 -28.513707 18.668461 -4.044362 -11.926965 -32.763130 -20.130861 -20.007834 -20.942383 
-6.822925 -15.861253 -7.746141 -60.786421 -54.871766 -13.768291 -32.747222 -29.204897 -8.942383 
-48.689127 7.311915 -30.667414 16.512303 35.694896 -19.404905 -20.061411 -48.962426 -32.942383 
-20.220848 -31.022520 14.100316 11.838894 -24.378397 2.532165 -5.346431 10.235603 -7.942383 
-29.061374 -20.383209 -20.389640 -39.631574 -17.649437 -35.263633 -3.098664 8.711095 -52.942383 
-19.456813 -23.188556 -16.382750 -33.920662 -27.666887 -3.245410 -12.673888 -4.611918 -11.942383 
-8.568001 -20.325466 -0.870208 2.609843 -7.973010 22.146451 -10.367355 -52.108454 -52.942383 
-50.727304 -9.386926 -23.185287 -47.011072 -30.508090 -19.408257 -46.337797 7.670240 -43.942383 
-66.241765 -49.369337 -15.859597 -31.826230 -15.190837 -25.067460 11.506132 3.301549 -41.942383 
-10.552360 0.253706 -3.257940 -28.718978 -7.489974 -11.728328 -21.268817 -9.940882 -9.942383 
-39.479022 -42.401723 -23.110544 -24.856105 -12.602525 -10.805217 15.638456 -5.939431 -40.942383 
6.003078 1.657970 -36.275004 -12.444545 2.728424 -9.283295 -12.113624 9.006169 -22.942383 
-48.429584 -4.277097 11.175889 -43.893091 9.326488 -57.823926 2.458049 -20.360295 -38.942383 
-30.587145 -21.474236 33.592298 37.324026 0.457112 -21.430043 2.023180 -8.675002 -32.942383 
-44.881870 33.602537 -0.131165 -42.951505 3.819423 -9.301980 -22.953261 -35.843185 -1.942383 
30.284713 -46.155280 17.650139 -42.772984 4.651093 8.391850 21.956075 -12.368628 -16.942383 
-5.314818 -56.875516 7.879269 -35.825445 -17.966588 -0.570328 -52.068561 -18.077114 -17.942383 
-15.250038 1.723605 -13.789787 -21.388615 -5.999947 -19.753602 -34.307352 3.482812 -14.942383 
-14.853136 -19.571235 -20.063314 -8.281741 -39.212361 -23.829693 -27.971754 -2.571423 -34.942383 
-27.612515 -6.899046 -14.724309 12.323839 -52.360760 -36.883968 -34.046497 8.330492 16.057617 
-32.564243 -11.498901 15.024166 -41.894966 -28.301646 -11.333015 -31.172020 14.165269 -37.942383 
-41.171693 -27.889863 -30.926731 -3.777015 -22.387471 -4.060185 -72.685197 -39.034304 9.057617 
-32.191208 4.956566 -36.599790 -55.147003 -20.033420 -25.905714 -17.764869 -32.882595 -30.942383 
-1.242364 -34.060603 -26.920575 -5.165418 -5.563852 -6.472023 3.701224 -29.650052 -3.942383 
-34.990865 -17.718653 -36.052913 -35.409458 -2.633994 -16.853785 -7.479898 -14.604912 -18.942383 
-6.237444 -10.752730 -18.265700 3.074290 24.286944 0.477140 3.641310 -5.192729 -39.942383 
-13.537248 -12.377715 -9.804479 -39.812279 22.064526 -52.489028 -24.488881 18.067973 -2.942383 
-4.749728 -7.465501 -31.025076 16.833749 10.312025 13.964729 -4.353439 -3.855569 -30.942383 
-18.518162 -34.290104 -20.823795 -38.858861 -17.400968 -4.527285 -10.248304 -16.576957 -45.942383 
-14.638605 -16.780244 -1.102142 -33.187943 -32.813439 13.201284 -33.942868 -12.290283 29.057617 
-31.204053 -47.493752 6.142298 -8.389210 -37.871435 -53.227852 27.425941 -10.108882 -8.942383 
17.779795 -28.585804 38.264016 -19.823854 -18.509136 -13.075745 -27.863023 -28.952716 -39.942383 
-20.563382 -24.213676 2.693093 -16.575809 12.482597 -9.961033 -34.423250 -6.169300 -26.942383 
2.968842 -24.043228 3.225752 -30.684008 -20.020023 -14.303619 -1.165413 -31.771114 -4.942383 
-45.331060 -3.307075 -28.397085 -18.146177 -50.145721 -43.448134 -18.403670 -46.423226 3.057617 
-25.304510 20.716967 -3.140474 -37.021109 -23.994529 -24.663544 -28.269185 -1.324558 -20.942383 
-22.702557 -53.145376 -20.461107 -19.063853 -24.534951 -19.994149 -2.654241 -11.588219 -19.942383 
-4.706404 -18.365581 9.213051 -52.263844 -21.768437 -10.815008 -36.662882 -21.941334 -2.942383 
-13.397156 -23.514101 15.062859 -16.308526 -36.476550 -2.283551 0.892429 -19.323976 -30.942383 
38.260510 -5.564947 -2.645632 -16.398106 -45.412235 2.567133 3.303925 17.773781 -12.942383 
12.530717 -58.290347 -38.012100 -14.107460 -51.049322 -27.487500 -9.926710 -1.633876 -3.942383 
1.351821 -49.545300 -16.980027 -55.440742 -48.756077 -42.199624 -8.134195 9.686987 -8.942383 
-22.757225 -14.913528 -22.697609 -9.308059 18.972596 -39.735942 -20.688776 10.586837 1.057617 
-64.667876 9.257368 -5.758269 -35.919753 -15.837799 -5.460112 -1.327298 -31.201521 3.057617 
-20.743716 -5.383350 0.868195 11.137806 -7.446849 -21.312815 -49.421470 -3.903978 4.057617 
-42.969579 -58.319659 -46.697147 -23.379570 -26.381293 3.099028 8.201861 -39.776136 -17.942383 
-24.998205 -46.527541 2.057227 -17.411915 14.203479 -14.408414 -27.338957 -26.199917 -44.942383 
-12.513793 1.089722 8.786296 5.952814 -74.780629 9.825423 10.871214 -15.005439 -11.942383 
-21.969347 -7.823414 -38.129922 -21.887039 -43.585730 -16.901605 -52.140041 -17.850985 -18.942383 
-21.649507 -0.604155 -1.966939 -44.279744 -38.490897 19.885784 -12.884322 -29.610592 -17.942383 
-30.515147 -36.390561 -36.413589 -5.919957 -45.125791 -22.377849 -10.587244 -23.457779 -30.942383 
-10.390010 -57.570534 -37.582784 -10.328388 -20.622536 -26.626402 -13.148603 -10.518971 -39.942383 
26.734061 5.393227 -54.902707 -20.368736 -31.865897 -14.901576 2.991539 -12.351739 -41.942383 
-48.404910 -1.536528 -52.544121 -13.536845 -32.466206 -24.599672 33.065321 -39.135956 5.057617 
-6.184387 -30.949848 -34.059365 -6.769814 -12.510513 -8.142127 -35.085886 -24.253666 -56.942383 
-1.912707 -40.653875 -35.097407 -5.488077 -27.176990 -17.772026 -32.269354 -30.989449 26.057617 
-24.496024 -5.454309 -31.023706 -0.765228 -33.226312 -39.925119 8.431397 6.384685 -10.942383 
-23.049628 -25.956783 -16.456652 -24.130184 -63.216476 -57.649018 -5.102910 -47.319642 -44.942383 
-11.491977 -18.019279 2.473184 -19.959477 -12.520185 -40.915433 11.056982 -10.726503 -40.942383 
4.908492 -17.554739 -43.814591 -40.937816 -22.998918 -26.847394 1.956919 3.102495 -16.942383 
-14.080718 -24.767137 -3.246705 -34.169356 -61.371499 -14.236269 -0.453518 9.531156 -4.942383 
-19.540517 -9.575189 -32.236680 -10.740490 -35.052586 -14.061227 -44.907297 -12.366886 -27.942383 
-56.005715 -24.376360 1.527265 -20.462894 -2.274252 -50.802238 -2.207088 -21.602811 -45.942383 
-9.656475 -7.632033 -3.915728 -17.035918 -57.480045 -48.502873 -23.257767 -9.226629 -4.942383 
-28.996127 -3.873112 -6.359878 -38.429170 -9.296449 -23.343853 23.706925 -10.093926 -31.942383 
4.709325 -7.960938 -2.906387 -43.721184 -8.838905 -19.987471 14.196754 0.127287 -43.942383 
-33.411991 7.302705 -29.824684 -19.453489 -14.069811 8.315873 2.083151 2.933077 -20.942383 
-0.420325 -56.869988 -60.429627 -30.522715 -49.526802 -18.117895 -7.745359 -0.416043 19.057617 
-15.241596 -12.096366 -16.810588 -36.485674 22.578154 -26.603393 -17.554432 -23.116403 -23.942383 
-33.887934 -23.880396 -57.261650 -43.393516 -14.413658 -19.015123 6.219979 15.869307 -48.942383 
-44.685028 -25.754119 -32.609402 -29.003052 -27.895255 -43.812716 -16.406933 -15.264195 -30.942383 
-29.684681 -37.979844 -26.415159 -18.040649 2.877210 -30.528715 8.260793 -1.197559 -1.942383 
-14.796145 1.791015 30.909553 -2.275579 -22.554636 -35.986214 -10.108352 -15.134820 4.057617 
-21.336391 -25.314529 -16.276793 -27.986748 -55.201226 -29.682676 -16.920592 22.155480 -50.942383 
-26.579223 -13.427108 4.784498 -35.444027 -34.740993 -19.413072 -54.423758 -17.371931 -25.942383 
-15.739557 20.169853 -53.805056 -48.509342 -53.131205 -4.592824 11.406053 -35.892222 2.057617 
-28.590120 -2.020038 3.569096 -30.597930 -4.257893 -25.316287 -14.165160 21.361426 -33.942383 
-25.032835 2.711674 -28.353088 -47.564679 -40.718615 -29.069145 -43.368074 -4.187852 -5.942383 
-40.953772 -61.296834 -22.218323 -41.554350 -30.541131 -28.851102 14.045979 -4.013241 -9.942383 
-24.295926 9.363760 -12.266641 -3.395563 -30.195876 -8.754119 -35.144330 -19.383316 2.057617 
-19.295973 -25.067442 -6.502911 -21.124221 -25.138126 -19.144943 -11.806744 -30.542866 -8.942383 
-16.304721 -37.380458 -16.203061 1.706694 -12.395623 -48.641823 -10.616599 -42.317891 -39.942383 
-35.528415 0.386970 -23.149575 -25.647491 -53.704968 -19.815381 -9.394579 -17.971586 15.057617 
-3.907691 -42.495217 -14.004065 -37.702453 -22.674914 -48.809799 35.807816 12.623172 5.057617 
-11.449960 -14.279127 -17.688146 -3.476352 20.743006 -8.832340 -16.257166 -34.784005 -26.942383 
1.143304 -20.568383 -8.989393 -38.309170 -46.592349 -27.065340 -21.366684 -54.758793 22.057617 
-16.606088 -5.311537 3.792579 -63.008147 -39.193346 1.652014 -29.111079 1.467009 -39.942383 
18.366216 -20.086823 -25.231024 -42.100086 2.456390 24.131894 -3.571080 -46.179287 -29.942383 
-18.340223 -0.355326 7.350194 -37.037301 -37.061286 -64.343851 -2.772630 -73.048075 -20.942383 
10.911924 -7.494531 -52.231454 3.798747 -4.561732 -27.224752 -13.278060 6.895681 -1.942383 
-15.692107 5.451756 4.708183 -14.624755 47.471289 -23.077658 -39.900420 -4.892881 1.057617 
16.623202 -3.320428 -9.577391 -37.970900 1.880049 -25.673343 -34.532137 -3.637586 -11.942383 
-25.612334 -10.349933 -32.513904 -14.161676 10.577641 -12.486676 -13.542904 -4.058200 -4.942383 
-40.312673 3.007209 6.032627 -26.114107 -17.529960 13.964598 -60.212043 -15.772877 0.057617 
-15.688063 6.204515 -19.249785 -41.101091 2.399755 -6.473563 -7.851523 15.619585 -21.942383 
-20.795327 37.067854 -16.892961 -4.832647 34.261354 -33.772578 11.697057 -54.461254 -43.942383 
2.916692 -1.874237 -29.644346 20.859152 -12.329121 -13.336574 -13.828580 3.259798 -4.942383 
0.203495 -36.262856 -52.787166 -25.133300 -28.020436 6.581666 -55.570504 9.045303 -15.942383 
-53.443713 -7.270063 -32.833578 -23.927734 -3.529401 -40.543716 1.730734 -5.195845 4.057617 
-30.682572 -7.331413 -6.899445 -1.658480 8.440658 8.569777 -6.248035 6.819537 6.057617 
7.890969 -22.681993 -48.096180 -4.741476 -31.783231 -6.872641 -30.205974 -38.563065 -10.942383 
-24.622217 -17.459699 -75.662843 -12.960984 -20.202877 -12.946932 -5.389706 -21.893435 -25.942383 
16.704688 16.677019 -51.907242 43.568365 -23.656823 -16.510882 -19.951605 -18.320012 29.057617 
0.892574 -31.768687 1.275218 -6.437261 -15.479496 -6.968487 -28.457092 -7.814348 18.057617 
-7.889601 -7.695541 6.495309 -39.413544 -35.401636 -24.585908 -14.489292 -2.090055 -13.942383 
-38.071560 -52.699902 -27.799976 -38.242228 -8.633801 10.792741 -19.866491 -47.811773 -76.942383 
-26.281283 -51.037413 8.340110 -37.208286 -30.645724 -38.420426 -14.497828 -21.863710 -32.942383 
-51.116201 -27.315035 12.678222 -5.731922 -38.586053 -29.263948 -20.351566 -34.336376 0.057617 
-42.544500 -33.375588 -1.973951 -32.362998 -6.853882 -33.411365 -11.379676 -9.675974 8.057617 
-13.150181 -38.969014 -1.876798 -34.821139 -11.608769 -8.832841 -57.225349 -54.717298 0.057617 
-58.149137 -25.703549 11.768465 2.039137 -42.944813 -37.272240 -21.094346 -22.296654 -46.942383 
-3.850993 -21.920203 -22.280734 -29.084193 -39.310371 -29.755156 -40.445101 -26.063858 -14.942383 
-6.581868 23.062535 -17.910374 -5.019502 -42.034467 12.823136 -20.404980 -8.118644 -25.942383 
-60.572794 -46.369591 -18.048038 3.801528 -2.633737 13.244775 -26.928521 -7.812763 -24.942383 
-16.789320 -12.147658 -51.944652 -0.566519 -11.788191 -12.384757 -17.991876 -32.915783 -21.942383 
-25.811963 -2.813339 5.856749 -3.567445 -31.940231 -54.965868 -6.348689 -14.075583 -14.942383 
6.124518 -12.714889 -43.380190 -14.782636 -5.423554 12.869892 4.912341 -32.908120 -21.942383 
-23.093194 -8.093522 -3.653539 -27.408005 -41.205066 10.585300 4.108245 -3.811193 -19.942383 
-32.627466 -31.876147 -69.691769 31.849457 1.534774 4.632218 -3.031644 -14.767281 -19.942383 
-16.527987 -3.106814 -34.859168 -8.474600 -10.401315 -38.133653 -26.291890 -10.510529 -27.942383 
-12.369768 -32.515359 -45.740681 -9.187781 -36.187237 -10.908798 -39.449192 -73.000557 -34.942383 
-36.908207 1.170647 -0.554397 -38.296720 -40.221677 5.660475 -12.824940 -2.666561 -17.942383 
-60.735101 -42.474798 -26.176410 -25.805248 4.339592 -16.196531 -58.086945 -17.311732 -2.942383 
-3.235296 -54.303928 3.804096 -58.659753 -6.591457 -55.212479 -53.512025 0.782493 -10.942383 
-3.041949 -44.008856 -40.823042 -31.638164 0.418986 -60.632650 10.735456 -55.364117 -9.942383 
-0.484305 -1.666152 -73.840929 -11.200776 -41.187501 6.559117 -9.030138 -0.635647 -48.942383 
-42.018661 -2.082284 -15.466427 -34.078291 5.410311 -6.513561 -12.335056 10.373452 -12.942383 
2.039376 -26.041533 3.358509 8.642448 -54.682987 -27.100650 1.448666 -33.839671 -43.942383 
-18.502922 4.430284 -28.187072 -56.286824 -2.680794 -9.950087 -38.688513 -24.721266 -32.942383 
-27.662859 8.039740 -2.432100 25.164234 -21.162857 -43.035532 -56.744206 -31.049624 17.057617 
-22.470085 -33.424995 11.702656 -40.112250 -12.371750 -26.546810 -4.338936 -1.654003 -8.942383 
-11.097805 -13.313566 -27.989398 -43.590935 -7.318011 -29.430264 -41.019098 -6.543827 -8.942383 
-17.864729 -56.970833 -24.705261 -0.924403 -16.350501 -23.187581 -50.225379 -5.733426 -9.942383 
-41.138707 -16.493610 -32.490769 -33.908238 -51.773968 5.392846 -49.610895 -17.082681 -9.942383 
-46.634238 -23.457971 -38.380835 -14.624702 -24.357990 -35.320529 -19.475224 29.979845 0.057617 
-39.510528 -42.510662 -10.139213 30.764390 -44.290638 -28.920162 -48.274626 -14.309036 -23.942383 
-22.601993 -37.013877 -19.972200 2.110414 20.054905 -10.447481 13.546048 -24.987298 -22.942383 
-4.228856 -35.216560 -24.120597 0.456519 -42.481009 -22.443981 -26.123562 -19.130428 -10.942383 
-42.144640 -52.068487 -5.184382 2.133907 -28.622015 -18.635622 -52.573213 -20.314462 -54.942383 
-42.454059 -27.777298 -52.247455 -53.580266 -15.285059 -2.074796 -15.596165 -24.849589 -3.942383 
-32.898163 -8.132351 -16.806191 0.088613 -16.512422 -28.793032 -1.018724 -1.434722 -2.942383 
-23.012578 -30.802836 -28.307647 -63.080106 -40.180709 -4.497432 -30.297056 -25.803304 -24.942383 
31.384607 1.893155 -27.233567 -41.167027 16.972665 19.631610 -20.159450 -12.588858 -9.942383 
-61.180265 -44.335020 -10.380534 -1.213012 -31.327677 -10.169080 -33.406041 -20.419009 -33.942383 
-30.558120 -47.869206 -15.740509 -13.233000 -24.090190 -55.977146 -7.484546 17.872542 -45.942383 
-11.040321 -24.641298 -24.939869 -21.998706 8.597016 -12.496773 7.531920 -34.145389 5.057617 
-41.407645 3.730712 -4.561335 -37.490798 -55.394715 -43.325589 -38.641855 3.107065 -49.942383 
-31.477900 -23.746927 -0.648274 -32.038540 -5.071068 -49.332727 -32.442067 -19.867439 -11.942383 
-5.736080 -3.871384 -13.506679 -22.577622 -0.754471 -12.151625 -31.415245 -35.196634 -0.942383 
16.579003 -2.757632 -11.166287 8.871079 -53.692841 -45.309632 -32.433866 -29.466242 -24.942383 
-55.064095 -56.573271 -9.116008 -39.675869 -16.424280 -53.159012 -42.011032 -25.891861 -10.942383 
-40.463800 -9.761041 -18.448242 -12.802653 -32.688835 -5.775798 -51.491009 -67.268806 13.057617 
-29.150266 -35.814196 -20.482110 -41.977671 -13.291377 -38.552898 2.153797 -11.622162 -21.942383 
13.783205 6.548538 -6.512370 -24.985344 -20.583357 -31.711094 -26.026651 -9.720164 3.057617 
-20.196987 -44.919748 6.719124 -15.722446 -42.965645 -41.894111 -30.510616 -37.915847 -23.942383 
-39.821260 -27.326503 9.219534 1.950821 -39.349615 4.549788 -9.654440 -16.266642 -2.942383 
-13.012728 -23.924666 -30.918452 6.892434 11.340949 15.511007 -61.533888 -8.076981 -36.942383 
-38.850421 -12.582852 -66.749472 7.257153 -37.036595 -36.626930 -65.704887 13.163350 -39.942383 
-4.287436 11.533633 -33.017828 -19.147989 -1.767785 -45.015842 -25.324599 -22.923119 -9.942383 
-36.902287 -2.897402 -40.124071 -50.994262 7.269075 -23.655726 -46.200358 6.732514 10.057617 
-22.374271 18.011175 -8.827805 -26.827831 0.839720 -4.629457 -9.405629 -18.200787 -14.942383 
-1.302514 -3.438487 -25.505906 -0.715425 11.867238 -6.377456 -28.973252 -12.779339 7.057617 
-11.606175 -54.991183 -33.530857 -6.369047 -15.273534 -12.196806 -25.835997 -8.182423 31.057617 
-16.172634 -53.726073 -50.910720 -22.814759 -6.805616 -12.100257 2.213628 -9.981622 -9.942383 
1.889802 -28.094906 -53.529726 17.100032 -53.507759 -35.820075 -11.434599 -15.425586 -25.942383 
-46.560761 -39.891820 11.473673 -22.827601 -18.043255 -20.464874 -29.781703 -13.052702 6.057617 
-0.170482 -53.792205 -10.041764 -24.022719 -20.028517 -39.668556 17.475560 2.296377 -12.942383 
-25.667031 -26.469864 -55.848328 6.858548 3.539013 2.731396 -2.618300 2.352785 -17.942383 
-35.786213 -28.180964 -77.838555 -22.421594 -39.746921 -61.944850 -46.308160 -50.281278 -48.942383 
-49.725363 -53.097277 -41.064080 -42.610956 -10.970137 -33.928915 -15.371446 -44.836927 -31.942383 
-10.705748 -38.267666 -15.910164 -39.802639 -48.518165 -39.211407 -74.822555 -21.649758 -40.942383 
-14.133021 -1.553050 -18.855597 2.453888 -13.445651 -15.668929 -60.171579 -44.943272 -11.942383 
-47.174525 -11.296103 -58.861806 -13.714037 -19.744675 -32.757982 -17.363722 -31.594048 -72.942383 
-37.842792 -8.674335 -43.898103 9.542272 -15.727395 -34.792648 -26.838791 -13.486010 -18.942383 
-25.911450 -53.296929 -5.523800 -9.090745 -30.903445 -13.252417 5.331936 -32.091993 -25.942383 
0.442915 -2.568769 -7.892879 -30.852900 -41.488029 -8.742349 -23.182829 -25.645070 -17.942383 
-15.590885 -25.691067 -64.046195 -0.357362 -7.806298 -5.645513 -24.874116 16.094548 -6.942383 
2.426014 -35.320910 -43.729254 -3.420184 -17.742121 -1.758707 -13.287971 -22.629595 -5.942383 
-57.984990 6.161907 -37.395645 -46.175947 -3.833810 -13.808225 -38.194206 -20.098136 -61.942383 
-33.390923 -15.043778 -27.292630 -3.845884 -51.313012 -16.371468 -34.113858 -34.848194 -5.942383 
-32.754888 -26.962280 -1.707860 -29.463144 -41.997896 -47.153561 -11.709391 -40.469642 -28.942383 
-28.985984 -43.627276 -13.890016 -21.993372 -22.437507 -5.363336 16.796845 -32.793620 -15.942383 
