0.493753 
1.449306 
0.712036 
1.366324 
0.816982 
1.353287 
0.602792 
1.341320 
0.791767 
1.240045 
0.591751 
1.353332 
0.752980 
1.299989 
0.680707 
1.265201 
0.809872 
1.285349 
0.668605 
1.318642 
0.792306 
1.344475 
0.676240 
1.114651 
0.866824 
1.272122 
0.660727 
1.291229 
0.750625 
1.262275 
0.645765 
1.247419 
0.805115 
1.266396 
0.558423 
1.338811 
0.780500 
1.296656 
0.827528 
1.248601 
0.772705 
1.241916 
0.649836 
1.402662 
0.829913 
1.052050 
0.565522 
1.520406 
0.822556 
1.238765 
0.639746 
1.319586 
0.635814 
1.330285 
0.730414 
1.234460 
0.777977 
1.156743 
0.743371 
1.310287 
0.842696 
1.135232 
0.750806 
1.271463 
0.658684 
1.397426 
0.603712 
1.320943 
0.785023 
1.323422 
0.669611 
1.262619 
0.797641 
1.300894 
0.696534 
1.149775 
0.751512 
1.320867 
0.715522 
1.265388 
0.784900 
1.242215 
0.729905 
1.215752 
0.778007 
1.275156 
0.807817 
1.200581 
0.753990 
1.257570 
0.659807 
1.349772 
0.755189 
1.228100 
0.698655 
1.316974 
0.772045 
1.272311 
0.773431 
1.275700 
0.643207 
1.265528 
0.653568 
1.382626 
0.807952 
1.254739 
0.784499 
1.112507 
0.671617 
1.481002 
0.718732 
1.284171 
0.688232 
1.204144 
0.607594 
1.336106 
0.845332 
1.159127 
0.848812 
1.232184 
0.605277 
1.379813 
0.674742 
1.355478 
0.816894 
1.150366 
0.736248 
1.389061 
0.746330 
1.275696 
0.642490 
1.215506 
0.865700 
1.194196 
0.756989 
1.335698 
0.763108 
1.195853 
0.860724 
1.180356 
0.872951 
1.156756 
0.791602 
1.354093 
0.705844 
1.295083 
0.665217 
1.295254 
0.765113 
1.260054 
0.564352 
1.402680 
0.749927 
1.227048 
0.639227 
1.395255 
0.757211 
1.310226 
0.701106 
1.300499 
0.709214 
1.062526 
0.678298 
1.477979 
0.629396 
1.372697 
0.816812 
1.258797 
0.834240 
1.085051 
0.674073 
1.290221 
0.762345 
1.220713 
0.706701 
1.255167 
0.689693 
1.490346 
0.744200 
1.185348 
0.860111 
1.213919 
0.607961 
1.307378 
0.678805 
1.388695 
0.587925 
1.363749 
0.662298 
1.339910 
0.642018 
1.343861 
0.690659 
1.297861 
0.655938 
1.302714 
0.797245 
1.190696 
0.850789 
1.199984 
0.756777 
1.231758 
0.826900 
1.126486 
0.769694 
1.298640 
0.781363 
1.346194 
0.776137 
1.189681 
0.753155 
1.159362 
0.916389 
1.157549 
0.860575 
1.161341 
0.715630 
1.230481 
0.729994 
1.302155 
0.695511 
1.251704 
0.802604 
1.170169 
0.998161 
1.154820 
0.680703 
1.308066 
0.643114 
1.448805 
0.731732 
1.308724 
0.771967 
1.217619 
0.688853 
1.300836 
0.879923 
1.102454 
0.925158 
1.107264 
0.800606 
1.283096 
0.665614 
1.290708 
0.729327 
1.340583 
0.727502 
1.341084 
0.749813 
1.236192 
0.745272 
1.119838 
0.760237 
1.326444 
0.865289 
1.123889 
0.851843 
1.227459 
0.642498 
1.204900 
0.791117 
1.226413 
0.776154 
1.362730 
0.924663 
1.055336 
0.778334 
1.367619 
0.737560 
1.334024 
0.718273 
1.362553 
0.704039 
1.296821 
0.666884 
1.201567 
0.875851 
1.196381 
0.722636 
1.295030 
0.770833 
1.215761 
0.836165 
1.175768 
0.870722 
1.268033 
0.586130 
1.307285 
0.634182 
1.374799 
0.721602 
1.180672 
0.763653 
1.377710 
0.683800 
1.273279 
0.751648 
1.172134 
0.902276 
1.143063 
0.776741 
1.297072 
0.707348 
1.326586 
0.723913 
1.150838 
0.752540 
1.148783 
0.735212 
1.276680 
0.726765 
1.314053 
0.753160 
1.240747 
0.639842 
1.273848 
0.831834 
1.107115 
0.741072 
1.306984 
0.841768 
1.183007 
0.723328 
1.264420 
0.786783 
1.313271 
0.680796 
1.313280 
0.714511 
1.243579 
0.712841 
1.303907 
0.713577 
1.331202 
0.629821 
1.321582 
0.744326 
1.301126 
0.673224 
1.371712 
0.818815 
1.248472 
0.777454 
1.244380 
0.824283 
1.332551 
0.660093 
1.329173 
0.843542 
1.143023 
0.678513 
1.371561 
0.597553 
1.247119 
0.790809 
1.205154 
0.824207 
1.119311 
0.821365 
1.354218 
0.736600 
1.170149 
0.822136 
1.260305 
0.719650 
1.173815 
0.689550 
1.355878 
0.807881 
1.149490 
0.724292 
1.279779 
0.970903 
1.121726 
0.726728 
1.230401 
0.753087 
1.458546 
0.630460 
1.131461 
0.926269 
1.155337 
0.699912 
1.410078 
0.704785 
1.222586 
0.705875 
1.213775 
0.713888 
1.318424 
0.813785 
1.292416 
0.719676 
1.293287 
0.643325 
1.327325 
0.760660 
1.198470 
0.780889 
1.279051 
0.692938 
1.207515 
0.839961 
1.273196 
0.703862 
1.148467 
0.777514 
1.331250 
0.868179 
1.186975 
0.674279 
1.253063 
0.800003 
1.259136 
0.653124 
1.383231 
0.786110 
1.246045 
0.635837 
1.331316 
0.771924 
1.200599 
0.591359 
1.414000 
0.697791 
1.338910 
0.680653 
1.319080 
0.828044 
1.082210 
0.666997 
1.488573 
0.739846 
1.101247 
0.781049 
1.204737 
0.832952 
1.227892 
0.710630 
1.258427 
0.703080 
1.236000 
0.654846 
1.245587 
0.688046 
1.448715 
0.645202 
1.285047 
0.825119 
1.203759 
0.673072 
1.196387 
0.920614 
1.195931 
0.727146 
1.319465 
0.814510 
1.072590 
0.671439 
1.254852 
0.843741 
1.406556 
0.713521 
1.203706 
0.754536 
1.242299 
0.773425 
1.244503 
0.670247 
1.283414 
0.850561 
1.163935 
0.837127 
1.201852 
0.664162 
1.350277 
0.624703 
1.261323 
0.629028 
1.390202 
0.687213 
1.300432 
0.695600 
1.172898 
0.701209 
1.369926 
0.685328 
1.407177 
1.130685 
1.035361 
0.855336 
0.985692 
1.031284 
1.298620 
0.705323 
1.359966 
0.727039 
1.613247 
0.225537 
1.398566 
0.720975 
1.419527 
0.397875 
1.222835 
0.639032 
1.178928 
0.890403 
1.182308 
0.834170 
1.264438 
0.696930 
1.165951 
0.356003 
1.502782 
0.642737 
1.457467 
0.616689 
1.381767 
0.662309 
1.289343 
0.622594 
1.327231 
0.757527 
1.268276 
0.594805 
1.394937 
0.622075 
1.474670 
0.639210 
1.246116 
0.606753 
1.439009 
0.585073 
1.445633 
0.742236 
1.203612 
0.614444 
1.430500 
0.811614 
1.136937 
0.543325 
1.486219 
0.723687 
1.318366 
0.530328 
1.445300 
0.795019 
1.300874 
0.432227 
1.534198 
0.758907 
1.344802 
0.585106 
1.382227 
0.603109 
1.454842 
0.486661 
1.432049 
0.717581 
1.375260 
0.550002 
1.325354 
0.616790 
1.571333 
0.418653 
1.414545 
0.681768 
1.384177 
0.652020 
1.194055 
0.733993 
1.376983 
0.472441 
1.408787 
0.746466 
1.297635 
0.638646 
1.342515 
0.609069 
1.438585 
0.509806 
1.407462 
0.667098 
1.364027 
0.638086 
1.302675 
0.713410 
1.346542 
0.554845 
1.463037 
0.784692 
1.235195 
0.602836 
1.332184 
0.628020 
1.318492 
0.503302 
1.509801 
0.759937 
1.260317 
0.622692 
1.337966 
0.631732 
1.473219 
0.564353 
1.272485 
0.750787 
1.249594 
0.623877 
1.417602 
0.621883 
1.411941 
0.563752 
1.522834 
0.481698 
1.539865 
0.542265 
1.371136 
0.708819 
1.266393 
0.602955 
1.346587 
0.719106 
1.294466 
0.559112 
1.424078 
0.661188 
1.477913 
0.569395 
1.227825 
0.815513 
1.333640 
0.547254 
1.442800 
0.601400 
1.342298 
0.714782 
1.273544 
0.606872 
1.400793 
0.671380 
1.195414 
0.773131 
1.394016 
0.535061 
1.430352 
0.678033 
1.341269 
0.639358 
1.381902 
0.632034 
1.365578 
0.604715 
1.397565 
0.754201 
1.326869 
0.612446 
1.423475 
0.767190 
1.183103 
0.543986 
1.483285 
0.687608 
1.368759 
0.416408 
1.438082 
0.760922 
1.219292 
0.594358 
1.442333 
0.704016 
1.267065 
0.575200 
1.263491 
0.808847 
1.376231 
0.567324 
1.368561 
0.686695 
1.402238 
0.577895 
1.315725 
0.694897 
1.395360 
0.699088 
1.276739 
0.721540 
1.434969 
0.487753 
1.369446 
0.799724 
1.269687 
0.547996 
1.410789 
0.834772 
1.313770 
0.517896 
1.436152 
0.758942 
1.213627 
0.408194 
1.509539 
0.762306 
1.326659 
0.575563 
1.369944 
0.593143 
1.423363 
0.590563 
1.378966 
0.677455 
1.319709 
0.495808 
1.558839 
0.675888 
1.203011 
0.664793 
1.264756 
0.670438 
1.506575 
0.564925 
1.357261 
0.713331 
1.314265 
0.580405 
1.462695 
0.621171 
1.442869 
0.596536 
1.256170 
0.742106 
1.377339 
0.552768 
1.438190 
0.680116 
1.392770 
0.533939 
1.395830 
0.732315 
1.306035 
0.545608 
1.474356 
0.629668 
1.326747 
0.557336 
1.341208 
0.717135 
1.334999 
0.569016 
1.418151 
0.839046 
1.293779 
0.654134 
1.264462 
0.658944 
1.390719 
0.663897 
1.311840 
0.758772 
1.129097 
0.624967 
1.411179 
0.753718 
1.490200 
0.681395 
1.063960 
0.808986 
1.434884 
0.526155 
1.343275 
0.645753 
1.471721 
0.547503 
1.413621 
0.691440 
1.481071 
0.480585 
1.411391 
0.636390 
1.404527 
0.652612 
1.317551 
0.648138 
1.448406 
0.624287 
1.337857 
0.681979 
1.341222 
0.646856 
1.205665 
0.801036 
1.275125 
0.634098 
1.413404 
0.807935 
1.101469 
0.694535 
1.342479 
0.691963 
1.484619 
0.553272 
1.343021 
0.668717 
1.427776 
0.645858 
1.251737 
0.752075 
1.335664 
0.604503 
1.327413 
0.733385 
1.433839 
0.520893 
1.344424 
0.734217 
1.352975 
0.597440 
1.257641 
0.799262 
1.409337 
0.480959 
1.405598 
0.735404 
1.212852 
0.721458 
1.326562 
0.620912 
1.382730 
0.641106 
1.293958 
0.717483 
1.338755 
0.696910 
1.207415 
0.736772 
1.272524 
0.534505 
1.394427 
0.768622 
1.339845 
0.628989 
1.319273 
0.806389 
1.295628 
0.621313 
1.319273 
0.818966 
1.360037 
0.584915 
1.302969 
0.673946 
1.241971 
0.652459 
1.427118 
0.756022 
1.211605 
0.508391 
1.435833 
0.655783 
1.296393 
0.624460 
1.295742 
0.652030 
1.433436 
0.525350 
1.399641 
0.770902 
1.343548 
0.573287 
1.233780 
0.818831 
1.181712 
0.620406 
1.433681 
0.742233 
1.278102 
0.553441 
1.496487 
0.734649 
1.338739 
0.466392 
1.400250 
0.715693 
1.349088 
0.505666 
1.367094 
0.676428 
1.423294 
0.583234 
1.371357 
0.730164 
1.235882 
0.511879 
1.429785 
0.743631 
1.326392 
0.388434 
1.370540 
0.834139 
1.301858 
0.545225 
1.339648 
0.783585 
1.448386 
0.529793 
1.366318 
0.820047 
1.318067 
0.531235 
1.370787 
0.697580 
1.419953 
0.623448 
1.297761 
0.766917 
1.277326 
0.542188 
1.362368 
0.808432 
1.205711 
0.667005 
1.366081 
0.586027 
1.350514 
0.618860 
1.377492 
0.721970 
1.399727 
0.636447 
1.179675 
0.604419 
1.412303 
0.558276 
1.577202 
0.719438 
1.417099 
0.469836 
1.352424 
0.807405 
1.289069 
0.653968 
1.247121 
0.742054 
1.313866 
0.520780 
1.365000 
0.740365 
1.320525 
0.624521 
1.263705 
0.672956 
1.366566 
0.577900 
1.384184 
0.651023 
1.346180 
0.555049 
1.354968 
0.659014 
1.394129 
0.517999 
1.285017 
0.694977 
1.443030 
0.571325 
1.286495 
0.541942 
1.505029 
0.658432 
1.369768 
0.748351 
1.330912 
0.561641 
1.268035 
0.816997 
1.214211 
0.643825 
1.381784 
0.974656 
1.211021 
0.552896 
1.337162 
0.569738 
1.485414 
0.483681 
1.518366 
0.698257 
1.305179 
0.625550 
1.245209 
0.782157 
1.279945 
0.595121 
1.293547 
0.792013 
1.224028 
0.766588 
1.162672 
0.731754 
1.507715 
0.799060 
1.087717 
0.864003 
1.298265 
1.028803 
0.857050 
0.663459 
1.614498 
0.536999 
1.463697 
0.459091 
1.350826 
0.680153 
1.340755 
0.756331 
0.979113 
0.877620 
1.496612 
0.454334 
1.146850 
0.831688 
1.387243 
0.597710 
1.132063 
