44481
44482
44483
44486
44488
44490
44491
44494
44496
44497


44499

44501
44506

44511
44514
44521
44522


44568
44569


44571
44585
44588
44596
44602
44604

44606
44607
44611
44615
44619
44620
44621
44622
44623
44624
44626
44628


44633
44637
44647
44648
44649
44650
44651
44652
44653
44654
44655
44658
44659
44667
44668
44669
44672
44673
44674
44675
44677
44678
44679
44681
44682
44684
44685
44686

44688
44689
44694
44695
44696
44697
44698
44700
44701
44702
44704
44705
44706
44707
44708
44711
44713

44718
44719
44720
44721
44722
44724

44725
44727
44728
44730
44731
44732
44733
44734
44735
