0.489788 
1.575322 
0.691581 
1.332958 
0.789702 
1.215036 
0.730590 
1.321366 
0.710385 
1.229524 
0.779024 
1.261233 
0.784900 
1.324865 
0.509661 
1.238746 
0.852551 
1.240833 
0.699004 
1.275575 
1.011323 
0.979661 
0.709957 
1.376898 
0.737193 
1.241730 
0.786723 
1.243118 
0.750284 
1.289617 
0.563285 
1.513914 
0.823434 
1.141213 
0.775352 
1.205205 
0.700631 
1.247986 
0.720180 
1.320269 
0.777522 
1.268230 
0.746107 
1.186894 
0.767327 
1.216254 
0.718595 
1.327964 
0.746834 
1.287318 
0.645112 
1.259803 
0.833487 
1.343674 
0.705553 
1.302584 
0.748459 
1.324507 
0.725253 
1.272198 
0.665020 
1.116539 
0.780716 
1.365633 
0.753471 
1.276996 
0.637175 
1.387712 
0.742401 
1.158001 
0.824658 
1.218116 
0.842504 
1.329986 
0.605572 
1.322612 
0.599463 
1.405803 
0.632547 
1.424001 
0.732373 
1.210455 
0.675558 
1.215375 
0.864818 
1.340961 
0.611710 
1.252266 
0.775800 
1.337586 
0.680726 
1.248751 
0.716591 
1.264117 
0.827820 
1.386474 
0.594504 
1.340629 
0.686338 
1.357366 
0.749815 
1.196229 
0.835316 
1.140335 
0.748769 
1.353438 
0.745271 
1.121761 
0.704973 
1.408521 
0.682204 
1.311688 
0.846378 
1.184370 
0.736820 
1.253613 
0.739675 
1.318083 
0.566726 
1.406956 
0.683411 
1.421931 
0.561405 
1.360266 
0.747123 
1.228874 
0.705713 
1.409708 
0.658108 
1.264462 
0.718354 
1.262932 
0.851550 
1.399708 
0.637150 
1.193596 
0.898650 
1.254195 
0.603158 
1.346170 
0.741172 
1.066674 
0.677115 
1.415126 
0.788249 
1.264896 
0.701439 
1.260753 
0.866522 
1.300233 
0.539907 
1.245678 
0.752556 
1.347974 
0.751841 
1.153950 
0.823538 
1.151187 
0.763631 
1.288501 
0.794564 
1.158788 
0.749177 
1.260353 
0.738130 
1.314828 
0.661289 
1.243072 
0.737566 
1.418859 
0.644538 
1.288048 
0.761647 
1.207837 
0.758561 
1.259356 
0.759608 
1.390292 
0.628990 
1.216371 
0.830681 
1.198627 
0.682654 
1.244966 
0.874718 
1.330858 
0.526499 
1.181888 
0.929619 
1.171673 
0.749363 
1.339667 
0.739169 
1.245331 
0.821027 
1.275428 
0.694876 
1.289612 
0.715233 
1.325994 
0.844140 
1.187705 
0.804753 
1.188897 
0.683847 
1.265490 
0.767643 
1.434792 
0.681012 
1.312911 
0.658417 
1.353494 
0.784085 
1.204841 
0.680604 
1.219948 
0.850002 
1.274180 
0.738042 
1.171850 
0.699457 
1.343489 
0.713295 
1.374377 
0.809262 
1.152677 
0.705074 
1.455811 
0.765252 
1.121397 
0.712835 
1.234838 
0.824377 
1.150329 
0.651965 
1.399344 
0.906743 
1.219325 
0.622008 
1.341685 
0.769403 
1.165773 
0.660414 
1.332649 
0.738030 
1.334585 
0.642928 
1.287546 
0.783058 
1.284805 
0.694526 
1.295901 
0.756429 
1.391592 
0.646111 
1.278099 
0.742727 
1.242525 
0.525087 
1.537180 
0.777648 
1.109389 
0.687418 
1.406470 
0.808228 
1.176604 
0.641061 
1.411562 
0.893351 
1.186537 
0.670517 
1.351791 
0.763012 
1.249974 
0.737278 
1.253833 
0.724360 
1.331570 
0.753313 
1.262215 
0.822761 
1.136143 
0.655605 
1.410615 
0.750202 
1.058734 
0.781283 
1.287723 
0.772704 
1.092436 
0.820563 
1.294078 
0.883605 
1.145087 
0.704074 
1.306837 
0.721013 
1.306113 
0.714950 
1.181051 
0.783470 
1.319941 
0.645139 
1.288464 
0.788475 
1.306841 
0.706414 
1.256738 
0.782452 
1.319200 
0.720354 
1.148073 
0.738351 
1.206008 
0.777369 
1.251800 
0.923903 
1.187051 
0.734394 
1.148759 
0.723557 
1.302415 
0.617615 
1.421452 
0.802002 
1.216877 
0.644044 
1.277883 
0.715751 
1.393760 
0.739413 
1.219523 
0.652144 
1.224130 
0.727128 
1.428203 
0.653592 
1.246637 
0.711144 
1.287405 
0.740035 
1.257056 
0.725141 
1.254202 
0.809366 
1.233605 
0.678169 
1.138069 
0.836050 
1.260798 
0.741569 
1.330653 
0.809721 
1.214679 
0.735149 
1.284489 
0.700358 
1.243259 
0.717008 
1.424636 
0.686582 
1.232021 
0.684796 
1.386375 
0.694439 
1.147756 
0.885906 
1.219988 
0.844592 
1.214633 
0.685148 
1.352368 
0.697988 
1.350685 
0.582466 
1.429530 
0.719010 
1.233187 
0.624056 
1.303971 
0.766760 
1.217182 
0.681066 
1.447603 
0.686885 
1.307097 
0.718229 
1.222910 
0.826108 
1.285482 
0.648591 
1.425101 
0.716350 
1.249164 
0.705734 
1.340202 
0.690709 
1.235233 
0.707615 
1.352482 
0.713799 
1.260275 
0.595826 
1.399875 
0.781797 
1.194416 
0.629887 
1.286783 
0.929675 
1.080566 
0.675538 
1.366377 
0.749007 
1.219213 
0.648082 
1.361925 
0.754872 
1.229014 
0.658724 
1.295280 
0.776629 
1.332143 
0.696360 
1.248844 
0.790988 
1.282871 
0.641353 
1.361097 
0.677338 
1.337500 
0.650263 
1.344967 
0.667926 
1.275378 
0.713627 
1.399081 
0.770227 
1.155710 
0.649499 
1.379937 
0.689334 
1.322128 
0.718740 
1.252749 
0.753336 
1.302677 
0.688093 
1.277461 
0.587013 
1.360709 
0.673634 
1.277690 
0.830929 
1.092851 
0.720184 
1.404385 
0.842947 
1.205597 
0.613974 
1.382279 
0.788254 
1.183095 
0.722428 
1.369535 
0.712416 
1.290168 
0.760172 
1.202859 
0.694674 
1.324045 
0.581138 
1.362788 
0.797935 
1.178464 
0.743717 
1.234640 
0.667611 
1.380412 
0.755290 
1.151033 
0.741402 
1.309770 
0.819585 
1.256606 
0.752094 
1.134287 
0.739530 
1.691236 
0.881298 
1.090057 
0.681447 
1.300210 
0.818997 
1.112780 
0.762593 
1.412841 
0.841956 
1.788708 
0.159048 
1.372737 
0.682879 
1.356683 
0.404700 
1.304260 
0.637271 
1.357784 
0.686228 
1.346976 
0.788731 
1.070863 
0.621506 
1.455084 
0.301739 
1.543090 
0.579610 
1.316714 
0.532077 
1.403849 
0.804502 
1.398161 
0.601721 
1.253013 
0.766825 
1.391740 
0.490005 
1.307115 
0.788760 
1.337494 
0.411196 
1.509914 
0.513322 
1.643592 
0.611738 
1.310406 
0.705670 
1.338313 
0.536246 
1.379860 
0.772898 
1.355605 
0.488505 
1.438300 
0.651025 
1.498335 
0.558662 
1.318104 
0.685745 
1.315870 
0.571239 
1.390068 
0.692178 
1.249065 
0.547462 
1.327895 
0.672558 
1.489328 
0.507771 
1.426951 
0.662017 
1.466269 
0.639279 
1.239479 
0.647488 
1.500586 
0.436119 
1.454390 
0.747343 
1.526069 
0.477621 
1.344478 
0.601930 
1.433043 
0.619559 
1.238517 
0.700439 
1.404774 
0.574441 
1.335342 
0.728415 
1.391018 
0.516628 
1.469301 
0.658913 
1.281407 
0.472588 
1.471871 
0.743912 
1.333200 
0.552067 
1.357596 
0.733857 
1.434634 
0.380496 
1.437198 
0.777667 
1.388774 
0.528735 
1.311001 
0.604752 
1.485376 
0.615572 
1.321285 
0.704696 
1.242321 
0.675532 
1.407482 
0.652403 
1.389040 
0.643476 
1.261976 
0.674803 
1.347407 
0.516205 
1.475520 
0.712177 
1.343727 
0.550662 
1.382658 
0.544290 
1.472416 
0.502631 
1.318165 
0.717397 
1.526050 
0.559829 
1.296868 
0.707958 
1.340190 
0.586686 
1.335521 
0.688173 
1.445874 
0.600233 
1.248698 
0.642368 
1.359496 
0.740426 
1.151808 
0.824376 
1.390162 
0.554454 
1.336270 
0.763265 
1.343125 
0.458511 
1.377152 
0.615487 
1.557402 
0.572513 
1.330460 
0.680666 
1.425814 
0.478969 
1.385474 
0.744414 
1.430472 
0.510663 
1.263061 
0.688359 
1.609534 
0.560591 
1.239099 
0.727835 
1.347871 
0.665954 
1.345436 
0.610032 
1.381968 
0.491422 
1.439711 
0.628022 
1.531437 
0.464334 
1.308776 
0.800354 
1.281264 
0.555324 
1.408410 
0.851284 
1.175697 
0.674647 
1.338917 
0.773161 
1.366358 
0.611569 
1.348437 
0.811563 
1.289273 
0.540360 
1.427253 
0.731501 
1.301672 
0.571546 
1.413124 
0.697419 
1.362842 
0.722181 
1.203143 
0.650679 
1.340553 
0.644213 
1.323026 
0.759767 
1.223882 
0.486990 
1.444353 
0.663146 
1.487243 
0.573721 
1.423383 
0.611882 
1.351611 
0.499108 
1.534417 
0.590276 
1.386072 
0.675832 
1.284502 
0.799657 
1.398831 
0.506275 
1.503063 
0.716893 
1.189587 
0.659835 
1.388867 
0.726412 
1.355968 
0.482282 
1.388405 
0.558320 
1.498279 
0.585457 
1.327726 
0.729112 
1.377470 
0.573293 
1.420792 
0.642224 
1.404198 
0.473597 
1.415648 
0.727206 
1.390136 
0.691255 
1.264483 
0.669931 
1.233197 
0.765293 
1.251885 
0.882720 
1.273615 
0.592208 
1.254751 
0.573095 
1.533457 
0.425390 
1.547145 
0.579658 
1.388557 
0.551108 
1.367896 
0.610011 
1.566582 
0.571829 
1.442769 
0.696901 
1.385707 
0.364021 
1.441265 
0.810172 
1.252021 
0.619282 
1.325805 
0.719165 
1.357660 
0.548530 
1.485610 
0.645562 
1.375930 
0.623247 
1.258177 
0.768752 
1.334401 
0.641024 
1.340375 
0.699851 
1.354287 
0.491606 
1.345246 
0.775894 
1.320857 
0.666939 
1.408395 
0.569428 
1.400334 
0.605402 
1.426663 
0.820016 
1.219162 
0.630597 
1.301090 
0.667455 
1.341667 
0.639266 
1.412432 
0.752334 
1.221861 
0.564627 
1.437113 
0.720698 
1.373792 
0.499613 
1.496907 
0.589621 
1.431141 
0.545304 
1.334331 
0.702452 
1.310329 
0.599998 
1.425091 
0.638114 
1.368029 
0.601685 
1.196589 
0.770223 
1.426479 
0.461630 
1.493005 
0.687849 
1.285207 
0.477091 
1.491209 
0.682957 
1.441273 
0.634057 
1.336775 
0.696470 
1.233174 
0.640770 
1.352283 
0.710945 
1.217402 
0.657475 
1.414924 
0.690360 
1.393939 
0.520083 
1.327125 
0.794270 
1.317044 
0.559754 
1.351527 
0.752608 
1.304063 
0.563118 
1.417571 
0.767757 
1.271036 
0.458085 
1.446045 
0.756582 
1.333390 
0.515908 
1.439119 
0.661072 
1.323511 
0.621972 
1.282391 
0.781833 
1.366109 
0.667956 
1.336940 
0.763387 
1.266724 
0.500439 
1.476099 
0.781937 
1.252138 
0.475381 
1.383228 
0.695933 
1.449019 
0.551896 
1.309342 
0.719418 
1.366310 
0.672876 
1.401111 
0.565575 
1.386664 
0.593252 
1.414006 
0.558065 
1.362188 
0.675142 
1.408395 
0.647562 
1.231614 
0.591554 
1.555530 
0.626921 
1.348559 
0.532449 
1.498978 
0.560369 
1.459847 
0.703232 
1.268036 
0.674422 
1.480725 
0.559123 
1.329681 
0.603196 
1.401997 
0.536870 
1.403154 
0.695586 
1.329911 
0.516925 
1.397612 
0.767223 
1.297387 
0.570447 
1.375949 
0.589349 
1.399646 
0.749513 
1.301638 
0.703964 
1.226587 
0.423182 
1.504343 
0.780862 
1.385981 
0.475792 
1.353081 
0.746479 
1.189254 
0.713259 
1.286035 
0.647817 
1.478523 
0.669054 
1.351038 
0.693909 
1.307445 
0.605602 
1.268387 
0.703532 
1.344241 
0.632990 
1.237710 
0.677174 
1.423057 
0.478426 
1.241065 
0.869495 
1.411713 
0.486580 
1.345478 
0.711928 
1.325710 
0.585142 
1.334121 
0.698482 
1.318298 
0.606905 
1.446440 
0.605983 
1.458989 
0.550605 
1.446848 
0.736668 
1.286876 
0.464238 
1.447232 
0.801037 
1.251808 
0.624990 
1.411652 
0.660437 
1.416292 
0.584863 
1.332864 
0.681889 
1.443844 
0.522037 
1.304238 
0.631613 
1.332974 
0.609875 
1.520719 
0.637320 
1.265558 
0.708479 
1.300712 
0.835699 
1.318562 
0.823463 
0.935431 
0.703490 
1.384194 
1.172223 
0.924928 
0.611623 
1.635465 
0.573203 
1.316744 
0.479338 
1.460888 
0.796547 
1.194690 
0.544861 
1.321977 
0.690707 
1.603956 
0.427466 
1.108834 
0.786163 
1.172978 
0.832723 
0.976327 
