0.196913 
0.197056 
0.197378 
0.197693 
0.197863 
0.198067 
0.198230 
0.198460 
0.198700 
0.198820 
0.198730 
0.198740 
0.198770 
0.198850 
0.198810 
0.198920 
0.199090 
0.199290 
0.199370 
0.199450 
0.199480 
0.199530 
0.199500 
0.199620 
0.199930 
0.200050 
0.200070 
0.200110 
0.200190 
0.200240 
0.200250 
0.200220 
0.200170 
0.200100 
0.199830 
0.199800 
0.199880 
0.199910 
0.199850 
0.199980 
0.200040 
0.200050 
0.199970 
0.199960 
0.199800 
0.199650 
0.199560 
0.199620 
0.199700 
0.199800 
0.199840 
0.199900 
0.200200 
0.200400 
0.200400 
0.200400 
0.200300 
0.200400 
0.200300 
0.200200 
0.200100 
0.200100 
0.200200 
0.200300 
0.200500 
0.200600 
0.200500 
0.200500 
0.200400 
0.200500 
0.200300 
0.200300 
0.200400 
0.200400 
0.200400 
0.200200 
0.200100 
0.200000 
0.200100 
0.200200 
0.200200 
0.200100 
0.200300 
0.200300 
0.200400 
0.200700 
0.200800 
0.200900 
0.201000 
0.201000 
0.201300 
0.201300 
0.201300 
0.201400 
0.201500 
0.201700 
0.201700 
0.201500 
0.201600 
0.201500 
0.201600 
0.201400 
0.201300 
0.201100 
0.201100 
0.200900 
0.200800 
0.200600 
0.200500 
0.200400 
0.200600 
0.200700 
0.200700 
0.200800 
0.200700 
0.200600 
0.200500 
0.200400 
0.200400 
0.200300 
0.200400 
0.200500 
0.200500 
0.200400 
0.200400 
0.200300 
0.200400 
0.200400 
0.200400 
0.200400 
0.200600 
0.200600 
0.200700 
0.200900 
0.200900 
0.200600 
0.200700 
0.200500 
0.200400 
0.200300 
0.200300 
0.200300 
0.200200 
0.200300 
0.200400 
0.200300 
0.200200 
0.200000 
0.200000 
0.199900 
0.199700 
0.199500 
0.199400 
0.199200 
0.199300 
0.199200 
0.199200 
0.199300 
0.199300 
0.199400 
0.199400 
0.199200 
0.199200 
0.199000 
0.199100 
0.199000 
0.199100 
0.198900 
0.198900 
0.198800 
0.199000 
0.198900 
0.199000 
0.199000 
0.199100 
0.199200 
0.199400 
0.199500 
0.199500 
0.199500 
0.199500 
0.199700 
0.199800 
0.199800 
0.200000 
0.200100 
0.200200 
0.200200 
0.200300 
0.200300 
0.200600 
0.200600 
0.200800 
0.200600 
0.200700 
0.200900 
0.201000 
0.201000 
0.201100 
0.201100 
0.201200 
0.201200 
0.201300 
0.201200 
0.201400 
0.201300 
0.201500 
0.201600 
0.201700 
0.201500 
0.201400 
0.201300 
0.201300 
0.201200 
0.201300 
0.201100 
0.201100 
0.201100 
0.201100 
0.201000 
0.201000 
0.200900 
0.201000 
0.201000 
0.201000 
0.200800 
0.200700 
0.200700 
0.200800 
0.200600 
0.200400 
0.200400 
0.200400 
0.200400 
0.200400 
0.200600 
0.200800 
0.200900 
0.200900 
0.200800 
0.200700 
0.200600 
0.200600 
0.200500 
0.200600 
0.200700 
0.200700 
0.200700 
0.200800 
0.200700 
0.200700 
0.200700 
0.200700 
0.200700 
0.200600 
0.200600 
0.200600 
0.200500 
0.200500 
0.200400 
0.200600 
0.200600 
0.200600 
0.200700 
0.200800 
0.200900 
0.201000 
0.201100 
0.201100 
0.201000 
0.201000 
0.201000 
0.201000 
0.200900 
0.200800 
0.200800 
0.200600 
0.200600 
0.200500 
0.200500 
0.200300 
0.200100 
0.200000 
0.199700 
0.199600 
0.199400 
0.199400 
0.199400 
0.199300 
0.199200 
0.199100 
0.199100 
0.199200 
0.199100 
0.199100 
0.199100 
0.199200 
0.199200 
0.199100 
0.199100 
0.199100 
0.199200 
0.199300 
0.199300 
0.199300 
0.199300 
0.199400 
0.199400 
0.199400 
0.199500 
0.199500 
0.199500 
0.199400 
0.199400 
0.199500 
0.199600 
0.199600 
0.199700 
0.199600 
0.199500 
0.199500 
0.199400 
0.199500 
0.199500 
0.199700 
0.199700 
0.199800 
0.199700 
0.199800 
0.199800 
0.199900 
0.199700 
0.199700 
0.199600 
0.199700 
0.199500 
0.199400 
0.199300 
0.199500 
0.199600 
0.199600 
0.199800 
0.199800 
0.199800 
0.199800 
0.199700 
0.199800 
0.199900 
0.199800 
0.200100 
0.200400 
0.200300 
0.200500 
0.200400 
0.200300 
0.200400 
0.200400 
0.200400 
0.200400 
0.200400 
0.200400 
0.200300 
0.200300 
0.200200 
0.200200 
0.200000 
0.200000 
0.200100 
0.200100 
0.200100 
0.200200 
0.200100 
0.200100 
0.200000 
0.200100 
0.200100 
0.200100 
0.200100 
0.200000 
0.199900 
0.200100 
0.200200 
0.200200 
0.200200 
0.200200 
0.200300 
0.200200 
0.200000 
0.199900 
0.199900 
0.200000 
0.199900 
0.200000 
0.200000 
0.200000 
0.199900 
0.199800 
0.199800 
0.199800 
0.200100 
0.200300 
0.200300 
0.200500 
0.200600 
0.200700 
0.200800 
0.200600 
0.200700 
0.200600 
0.200600 
0.200800 
0.200900 
0.201000 
0.201000 
0.201000 
0.200800 
0.200800 
0.200600 
0.200700 
0.200600 
0.200600 
0.200600 
0.200500 
0.200400 
0.200300 
0.200400 
0.200300 
0.200200 
0.200200 
0.200200 
0.200200 
0.200100 
0.200000 
0.200000 
0.200000 
0.200100 
0.200100 
0.200000 
0.199900 
0.199900 
0.199900 
0.199900 
0.199900 
0.199900 
0.199900 
0.199900 
0.200000 
0.200000 
0.199800 
0.199800 
0.199800 
0.199700 
0.199900 
0.200000 
0.200000 
0.199900 
0.200000 
0.199900 
0.199900 
0.199800 
0.199900 
0.200000 
0.200000 
0.200100 
0.200100 
0.200200 
0.200000 
0.200000 
0.199800 
0.199900 
0.200100 
0.200100 
0.200200 
0.200200 
0.200200 
0.200300 
0.200300 
0.200500 
0.200600 
0.200700 
0.200700 
0.200800 
0.201100 
0.201000 
0.201300 
0.201400 
0.201600 
0.201700 
0.201800 
0.201900 
0.201700 
0.201600 
0.201500 
0.201500 
0.201500 
0.201400 
0.201300 
0.201300 
0.200600 
0.199800 
0.200000 
0.199000 
0.199000 
0.199000 
0.199000 
0.198000 
0.199000 
0.198000 
0.198000 
0.199000 
0.198000 
0.198000 
0.198000 
0.198000 
0.198000 
0.198000 
0.199000 
0.198000 
0.199000 
0.199000 
0.200000 
0.199000 
0.199000 
0.199000 
0.200000 
0.199000 
0.199000 
0.200000 
0.200000 
0.199000 
0.200000 
0.200000 
0.200000 
0.200000 
0.201000 
0.200000 
0.200000 
0.200000 
0.200000 
0.200000 
0.201000 
0.200000 
0.200000 
0.200000 
0.200000 
0.200000 
0.200000 
0.200000 
0.199000 
0.200000 
0.200000 
0.199000 
0.200000 
0.199000 
0.200000 
0.200000 
0.200000 
0.200000 
0.200000 
0.200000 
0.200000 
0.200000 
0.200000 
0.200000 
0.199000 
0.200000 
0.200000 
0.201000 
0.200000 
0.200000 
0.200000 
0.200000 
0.199000 
0.200000 
0.200000 
0.200000 
0.199000 
0.200000 
0.199000 
0.200000 
0.199000 
0.199000 
0.199000 
0.199000 
0.199000 
0.198000 
0.199000 
0.199000 
0.198000 
0.199000 
0.199000 
0.198000 
0.199000 
0.199000 
0.199000 
0.199000 
0.199000 
0.199000 
0.200000 
0.199000 
0.200000 
0.201000 
0.200000 
0.200000 
0.201000 
0.200000 
0.201000 
0.200000 
0.201000 
0.200000 
0.200000 
0.201000 
0.200000 
0.200000 
0.200000 
0.200000 
0.200000 
0.200000 
0.200000 
0.199000 
0.199000 
0.200000 
0.199000 
0.200000 
0.200000 
0.199000 
0.200000 
0.199000 
0.200000 
0.200000 
0.199000 
0.200000 
0.199000 
0.200000 
0.200000 
0.199000 
0.200000 
0.199000 
0.200000 
0.200000 
0.200000 
0.199000 
0.200000 
0.200000 
0.200000 
0.199000 
0.200000 
0.200000 
0.201000 
0.200000 
0.201000 
0.200000 
0.201000 
0.200000 
0.200000 
0.201000 
0.200000 
0.201000 
0.200000 
0.200000 
0.201000 
0.200000 
0.200000 
0.200000 
0.200000 
0.200000 
0.200000 
0.200000 
0.200000 
0.200000 
0.200000 
0.200000 
0.201000 
0.200000 
0.200000 
0.200000 
0.201000 
0.200000 
0.200000 
0.200000 
0.201000 
0.200000 
0.201000 
0.201000 
0.201000 
0.201000 
0.200000 
0.201000 
0.201000 
0.201000 
0.201000 
0.200000 
0.201000 
0.200000 
0.200000 
0.201000 
0.200000 
0.200000 
0.201000 
0.200000 
0.200000 
0.200000 
0.200000 
0.201000 
0.200000 
0.200000 
0.200000 
0.201000 
0.200000 
0.201000 
0.201000 
0.201000 
0.201000 
0.201000 
0.201000 
0.201000 
0.201000 
0.202000 
0.201000 
0.202000 
0.202000 
0.201000 
0.201000 
0.202000 
0.201000 
0.201000 
0.201000 
0.201000 
0.201000 
0.201000 
0.200000 
0.201000 
0.201000 
0.201000 
0.200000 
0.201000 
0.201000 
0.200000 
0.201000 
0.201000 
0.201000 
0.200000 
0.201000 
0.201000 
0.201000 
0.200000 
0.201000 
0.200000 
0.200000 
0.201000 
0.200000 
0.200000 
0.200000 
0.200000 
0.200000 
0.200000 
0.200000 
0.200000 
0.200000 
0.200000 
0.201000 
0.200000 
0.200000 
0.201000 
0.200000 
0.201000 
0.200000 
0.201000 
0.200000 
0.200000 
0.200000 
0.201000 
0.200000 
0.200000 
0.200000 
0.200000 
0.200000 
0.201000 
0.200000 
0.200000 
0.201000 
0.200000 
0.200000 
0.200000 
0.200000 
0.200000 
0.200000 
0.200000 
0.200000 
0.200000 
0.199000 
0.200000 
0.200000 
0.200000 
0.201000 
0.200000 
0.200000 
0.201000 
0.200000 
0.200000 
0.201000 
0.200000 
0.200000 
0.200000 
0.200000 
0.200000 
0.200000 
0.200000 
0.200000 
0.200000 
0.200000 
0.200000 
0.200000 
0.200000 
0.200000 
0.200000 
0.200000 
0.200000 
0.200000 
0.199000 
0.200000 
0.200000 
0.200000 
0.200000 
0.200000 
0.200000 
0.200000 
0.200000 
0.200000 
0.201000 
0.200000 
0.200000 
0.201000 
0.200000 
0.200000 
0.201000 
0.200000 
0.200000 
0.201000 
0.200000 
0.200000 
0.200000 
0.200000 
0.199000 
0.200000 
0.200000 
0.200000 
0.200000 
0.201000 
0.200000 
0.200000 
0.200000 
0.200000 
0.201000 
0.200000 
0.200000 
0.200000 
0.200000 
0.200000 
0.200000 
0.200000 
0.200000 
0.200000 
0.199000 
0.200000 
0.200000 
0.200000 
0.199000 
0.200000 
0.200000 
0.199000 
0.200000 
0.199000 
0.200000 
0.200000 
0.199000 
0.200000 
0.199000 
0.199000 
0.200000 
0.199000 
0.199000 
0.199000 
0.199000 
0.200000 
0.199000 
0.199000 
0.199000 
0.200000 
0.200000 
0.200000 
0.199000 
0.200000 
0.199000 
0.199000 
0.200000 
0.199000 
0.200000 
0.199000 
0.199000 
0.200000 
0.200000 
0.199000 
0.200000 
0.200000 
0.200000 
0.200000 
0.200000 
0.201000 
0.200000 
0.200000 
0.201000 
0.200000 
0.200000 
0.200000 
0.200000 
0.200000 
0.200000 
0.201000 
0.200000 
0.200000 
0.201000 
0.200000 
0.200000 
0.201000 
0.200000 
0.200000 
0.199000 
0.200000 
0.200000 
0.199000 
0.199000 
0.199000 
0.199000 
0.199000 
0.200000 
0.199000 
0.199000 
0.199000 
0.199000 
0.199000 
0.199000 
0.199000 
0.200000 
0.199000 
0.199000 
0.199000 
0.199000 
0.198000 
0.199000 
0.199000 
0.198000 
0.199000 
0.198000 
0.198000 
0.199000 
0.198000 
0.199000 
0.199000 
0.199000 
0.199000 
0.199000 
0.199000 
0.199000 
0.199000 
0.199000 
0.199000 
0.199000 
0.200000 
0.200000 
0.199000 
0.200000 
0.200000 
0.200000 
0.200000 
0.200000 
0.200000 
0.200000 
0.199000 
0.200000 
0.200000 
0.200000 
0.200000 
0.200000 
0.201000 
0.200000 
0.200000 
0.200000 
0.200000 
0.199000 
0.200000 
0.200000 
0.200000 
0.200000 
0.200000 
0.200000 
0.200000 
0.200000 
0.200000 
0.200000 
0.200000 
0.200000 
0.199000 
0.200000 
0.200000 
0.199000 
0.200000 
0.199000 
0.199000 
0.198000 
0.199000 
0.198000 
0.198000 
0.198000 
0.198000 
0.198000 
0.197000 
0.198000 
0.197000 
0.197000 
0.197000 
0.197000 
0.197000 
