0 0
1 0.196913
2 0.393969
3 0.591347
4 0.78904
5 0.986903
6 1.18497
7 1.3832
8 1.58166
9 1.78036
10 1.97918
11 2.17791
12 2.37665
13 2.57542
14 2.77427
15 2.97308
16 3.172
17 3.37109
18 3.57038
19 3.76975
20 3.9692
21 4.16868
22 4.36821
23 4.56771
24 4.76733
25 4.96726
26 5.16731
27 5.36738
28 5.56749
29 5.76768
30 5.96792
31 6.16817
32 6.36839
33 6.56856
34 6.76866
35 6.96849
36 7.16829
37 7.36817
38 7.56808
39 7.76793
40 7.96791
41 8.16795
42 8.368
43 8.56797
44 8.76793
45 8.96773
46 9.16738
47 9.36694
48 9.56656
49 9.76626
50 9.96606
51 10.1659
52 10.3658
53 10.566
54 10.7664
55 10.9668
56 11.1672
57 11.3675
58 11.5679
59 11.7682
60 11.9684
61 12.1685
62 12.3686
63 12.5688
64 12.7691
65 12.9696
66 13.1702
67 13.3707
68 13.5712
69 13.7716
70 13.9721
71 14.1724
72 14.3727
73 14.5731
74 14.7735
75 14.9739
76 15.1741
77 15.3742
78 15.5742
79 15.7743
80 15.9745
81 16.1747
82 16.3748
83 16.5751
84 16.7754
85 16.9758
86 17.1765
87 17.3773
88 17.5782
89 17.7792
90 17.9802
91 18.1815
92 18.3828
93 18.5841
94 18.7855
95 18.987
96 19.1887
97 19.3904
98 19.5919
99 19.7935
100 19.995
101 20.1966
102 20.398
103 20.5993
104 20.8004
105 21.0015
106 21.2024
107 21.4032
108 21.6038
109 21.8043
110 22.0047
111 22.2053
112 22.406
113 22.6067
114 22.8075
115 23.0082
116 23.2088
117 23.4093
118 23.6097
119 23.8101
120 24.0104
121 24.2108
122 24.4113
123 24.6118
124 24.8122
125 25.0126
126 25.2129
127 25.4133
128 25.6137
129 25.8141
130 26.0145
131 26.2151
132 26.4157
133 26.6164
134 26.8173
135 27.0182
136 27.2188
137 27.4195
138 27.62
139 27.8204
140 28.0207
141 28.221
142 28.4213
143 28.6215
144 28.8218
145 29.0222
146 29.2225
147 29.4227
148 29.6227
149 29.8227
150 30.0226
151 30.2223
152 30.4218
153 30.6212
154 30.8204
155 31.0197
156 31.2189
157 31.4181
158 31.6174
159 31.8167
160 32.0161
161 32.2155
162 32.4147
163 32.6139
164 32.8129
165 33.012
166 33.211
167 33.4101
168 33.609
169 33.8079
170 34.0067
171 34.2057
172 34.4046
173 34.6036
174 34.8026
175 35.0017
176 35.2009
177 35.4003
178 35.5998
179 35.7993
180 35.9988
181 36.1983
182 36.398
183 36.5978
184 36.7976
185 36.9976
186 37.1977
187 37.3979
188 37.5981
189 37.7984
190 37.9987
191 38.1993
192 38.3999
193 38.6007
194 38.8013
195 39.002
196 39.2029
197 39.4039
198 39.6049
199 39.806
200 40.0071
201 40.2083
202 40.4095
203 40.6108
204 40.812
205 41.0134
206 41.2147
207 41.4162
208 41.6178
209 41.8195
210 42.021
211 42.2224
212 42.4237
213 42.625
214 42.8262
215 43.0275
216 43.2286
217 43.4297
218 43.6308
219 43.8319
220 44.0329
221 44.2339
222 44.4348
223 44.6358
224 44.8368
225 45.0378
226 45.2386
227 45.4393
228 45.64
229 45.8408
230 46.0414
231 46.2418
232 46.4422
233 46.6426
234 46.843
235 47.0434
236 47.244
237 47.4448
238 47.6457
239 47.8466
240 48.0474
241 48.2481
242 48.4487
243 48.6493
244 48.8498
245 49.0504
246 49.2511
247 49.4518
248 49.6525
249 49.8533
250 50.054
251 50.2547
252 50.4554
253 50.6561
254 50.8568
255 51.0574
256 51.258
257 51.4586
258 51.6591
259 51.8596
260 52.06
261 52.2606
262 52.4612
263 52.6618
264 52.8625
265 53.0633
266 53.2642
267 53.4652
268 53.6663
269 53.8674
270 54.0684
271 54.2694
272 54.4704
273 54.6714
274 54.8723
275 55.0731
276 55.2739
277 55.4745
278 55.6751
279 55.8756
280 56.0761
281 56.2764
282 56.4765
283 56.6765
284 56.8762
285 57.0758
286 57.2752
287 57.4746
288 57.674
289 57.8733
290 58.0725
291 58.2716
292 58.4707
293 58.6699
294 58.869
295 59.0681
296 59.2672
297 59.4664
298 59.6656
299 59.8647
300 60.0638
301 60.2629
302 60.4621
303 60.6614
304 60.8607
305 61.06
306 61.2593
307 61.4587
308 61.6581
309 61.8575
310 62.057
311 62.2565
312 62.456
313 62.6554
314 62.8548
315 63.0543
316 63.2539
317 63.4535
318 63.6532
319 63.8528
320 64.0523
321 64.2518
322 64.4512
323 64.6507
324 64.8502
325 65.0499
326 65.2496
327 65.4494
328 65.6491
329 65.8489
330 66.0487
331 66.2486
332 66.4483
333 66.648
334 66.8476
335 67.0473
336 67.2468
337 67.4462
338 67.6455
339 67.845
340 68.0446
341 68.2442
342 68.444
343 68.6438
344 68.8436
345 69.0434
346 69.2431
347 69.4429
348 69.6428
349 69.8426
350 70.0427
351 70.2431
352 70.4434
353 70.6439
354 70.8443
355 71.0446
356 71.245
357 71.4454
358 71.6458
359 71.8462
360 72.0466
361 72.247
362 72.4473
363 72.6476
364 72.8478
365 73.048
366 73.248
367 73.448
368 73.6481
369 73.8482
370 74.0483
371 74.2485
372 74.4486
373 74.6487
374 74.8487
375 75.0488
376 75.2489
377 75.449
378 75.6491
379 75.8491
380 76.049
381 76.2491
382 76.4493
383 76.6495
384 76.8497
385 77.0499
386 77.2502
387 77.4504
388 77.6504
389 77.8503
390 78.0502
391 78.2502
392 78.4501
393 78.6501
394 78.8501
395 79.0501
396 79.25
397 79.4498
398 79.6496
399 79.8494
400 80.0495
401 80.2498
402 80.4501
403 80.6506
404 80.8512
405 81.0519
406 81.2527
407 81.4533
408 81.654
409 81.8546
410 82.0552
411 82.256
412 82.4569
413 82.6579
414 82.8589
415 83.0599
416 83.2607
417 83.4615
418 83.6621
419 83.8628
420 84.0634
421 84.264
422 84.4646
423 84.6651
424 84.8655
425 85.0658
426 85.2662
427 85.4665
428 85.6667
429 85.8669
430 86.0671
431 86.2673
432 86.4674
433 86.6674
434 86.8674
435 87.0674
436 87.2675
437 87.4676
438 87.6676
439 87.8675
440 88.0674
441 88.2673
442 88.4672
443 88.6671
444 88.867
445 89.0669
446 89.2668
447 89.4668
448 89.6668
449 89.8666
450 90.0664
451 90.2662
452 90.4659
453 90.6658
454 90.8658
455 91.0658
456 91.2657
457 91.4657
458 91.6656
459 91.8655
460 92.0653
461 92.2652
462 92.4652
463 92.6652
464 92.8653
465 93.0654
466 93.2656
467 93.4656
468 93.6656
469 93.8654
470 94.0653
471 94.2654
472 94.4655
473 94.6657
474 94.8659
475 95.0661
476 95.2664
477 95.4667
478 95.6672
479 95.8678
480 96.0685
481 96.2692
482 96.47
483 96.6711
484 96.8721
485 97.0734
486 97.2748
487 97.4764
488 97.6781
489 97.8799
490 98.0818
491 98.2835
492 98.4851
493 98.6866
494 98.8881
495 99.0896
496 99.291
497 99.4923
498 99.6936
499 99.8942
500 100.094
501 100.294
502 100.493
503 100.692
504 100.891
505 101.09
506 101.288
507 101.487
508 101.685
509 101.883
510 102.082
511 102.28
512 102.478
513 102.676
514 102.874
515 103.072
516 103.27
517 103.469
518 103.667
519 103.866
520 104.065
521 104.265
522 104.464
523 104.663
524 104.862
525 105.062
526 105.261
527 105.46
528 105.66
529 105.86
530 106.059
531 106.259
532 106.459
533 106.659
534 106.859
535 107.06
536 107.26
537 107.46
538 107.66
539 107.86
540 108.06
541 108.261
542 108.461
543 108.661
544 108.861
545 109.061
546 109.261
547 109.461
548 109.661
549 109.86
550 110.06
551 110.26
552 110.459
553 110.659
554 110.858
555 111.058
556 111.258
557 111.458
558 111.658
559 111.858
560 112.058
561 112.258
562 112.458
563 112.658
564 112.858
565 113.057
566 113.257
567 113.457
568 113.658
569 113.858
570 114.058
571 114.258
572 114.458
573 114.657
574 114.857
575 115.057
576 115.257
577 115.456
578 115.656
579 115.855
580 116.055
581 116.254
582 116.453
583 116.652
584 116.851
585 117.05
586 117.248
587 117.447
588 117.646
589 117.844
590 118.043
591 118.242
592 118.44
593 118.639
594 118.838
595 119.037
596 119.236
597 119.435
598 119.634
599 119.834
600 120.033
601 120.233
602 120.434
603 120.634
604 120.834
605 121.035
606 121.235
607 121.436
608 121.636
609 121.837
610 122.037
611 122.237
612 122.438
613 122.638
614 122.838
615 123.038
616 123.238
617 123.438
618 123.638
619 123.838
620 124.037
621 124.236
622 124.436
623 124.635
624 124.835
625 125.035
626 125.234
627 125.434
628 125.633
629 125.833
630 126.033
631 126.232
632 126.432
633 126.631
634 126.831
635 127.031
636 127.23
637 127.43
638 127.629
639 127.829
640 128.029
641 128.229
642 128.428
643 128.628
644 128.828
645 129.028
646 129.227
647 129.427
648 129.627
649 129.828
650 130.028
651 130.229
652 130.429
653 130.63
654 130.83
655 131.03
656 131.231
657 131.431
658 131.632
659 131.832
660 132.032
661 132.233
662 132.433
663 132.633
664 132.833
665 133.033
666 133.233
667 133.433
668 133.633
669 133.833
670 134.033
671 134.233
672 134.433
673 134.634
674 134.834
675 135.034
676 135.234
677 135.435
678 135.635
679 135.835
680 136.035
681 136.236
682 136.436
683 136.637
684 136.838
685 137.039
686 137.24
687 137.44
688 137.641
689 137.842
690 138.043
691 138.244
692 138.444
693 138.645
694 138.845
695 139.045
696 139.246
697 139.446
698 139.646
699 139.847
700 140.047
701 140.247
702 140.447
703 140.647
704 140.848
705 141.048
706 141.248
707 141.448
708 141.649
709 141.849
710 142.05
711 142.251
712 142.452
713 142.653
714 142.854
715 143.055
716 143.256
717 143.457
718 143.659
719 143.86
720 144.062
721 144.264
722 144.465
723 144.666
724 144.868
725 145.069
726 145.27
727 145.471
728 145.672
729 145.873
730 146.074
731 146.274
732 146.475
733 146.676
734 146.877
735 147.077
736 147.278
737 147.479
738 147.679
739 147.88
740 148.081
741 148.282
742 148.482
743 148.683
744 148.884
745 149.085
746 149.285
747 149.486
748 149.686
749 149.886
750 150.087
751 150.287
752 150.487
753 150.687
754 150.887
755 151.087
756 151.287
757 151.487
758 151.687
759 151.887
760 152.087
761 152.288
762 152.488
763 152.688
764 152.889
765 153.089
766 153.29
767 153.49
768 153.691
769 153.891
770 154.091
771 154.291
772 154.492
773 154.692
774 154.892
775 155.092
776 155.292
777 155.492
778 155.693
779 155.893
780 156.093
781 156.294
782 156.494
783 156.694
784 156.894
785 157.094
786 157.294
787 157.494
788 157.694
789 157.894
790 158.094
791 158.293
792 158.493
793 158.693
794 158.893
795 159.094
796 159.294
797 159.494
798 159.695
799 159.895
800 160.095
801 160.296
802 160.496
803 160.696
804 160.896
805 161.096
806 161.296
807 161.496
808 161.696
809 161.896
810 162.096
811 162.296
812 162.496
813 162.696
814 162.896
815 163.096
816 163.296
817 163.496
818 163.696
819 163.896
820 164.095
821 164.295
822 164.495
823 164.695
824 164.895
825 165.095
826 165.295
827 165.495
828 165.695
829 165.895
830 166.096
831 166.296
832 166.496
833 166.697
834 166.897
835 167.097
836 167.298
837 167.498
838 167.698
839 167.899
840 168.099
841 168.299
842 168.499
843 168.699
844 168.898
845 169.098
846 169.298
847 169.498
848 169.698
849 169.899
850 170.099
851 170.299
852 170.499
853 170.699
854 170.9
855 171.1
856 171.3
857 171.5
858 171.7
859 171.9
860 172.1
861 172.3
862 172.5
863 172.7
864 172.899
865 173.099
866 173.299
867 173.499
868 173.698
869 173.898
870 174.098
871 174.297
872 174.497
873 174.696
874 174.896
875 175.096
876 175.295
877 175.495
878 175.694
879 175.893
880 176.093
881 176.292
882 176.491
883 176.69
884 176.889
885 177.089
886 177.288
887 177.487
888 177.686
889 177.886
890 178.086
891 178.286
892 178.485
893 178.685
894 178.884
895 179.083
896 179.283
897 179.482
898 179.682
899 179.881
900 180.08
901 180.28
902 180.48
903 180.679
904 180.879
905 181.079
906 181.279
907 181.479
908 181.679
909 181.88
910 182.08
911 182.28
912 182.481
913 182.681
914 182.881
915 183.081
916 183.281
917 183.481
918 183.681
919 183.882
920 184.082
921 184.282
922 184.483
923 184.683
924 184.883
925 185.084
926 185.284
927 185.484
928 185.683
929 185.883
930 186.083
931 186.282
932 186.481
933 186.68
934 186.879
935 187.078
936 187.278
937 187.477
938 187.676
939 187.875
940 188.074
941 188.273
942 188.472
943 188.671
944 188.871
945 189.07
946 189.269
947 189.468
948 189.667
949 189.865
950 190.064
951 190.263
952 190.461
953 190.66
954 190.858
955 191.056
956 191.255
957 191.453
958 191.652
959 191.851
960 192.05
961 192.249
962 192.448
963 192.647
964 192.846
965 193.045
966 193.244
967 193.443
968 193.642
969 193.842
970 194.042
971 194.241
972 194.441
973 194.641
974 194.841
975 195.041
976 195.241
977 195.441
978 195.641
979 195.84
980 196.04
981 196.24
982 196.44
983 196.64
984 196.84
985 197.041
986 197.241
987 197.441
988 197.641
989 197.841
990 198.04
991 198.24
992 198.44
993 198.64
994 198.84
995 199.04
996 199.24
997 199.44
998 199.64
999 199.84
1000 200.04
1001 200.24
1002 200.44
1003 200.639
1004 200.839
1005 201.039
1006 201.238
1007 201.438
1008 201.637
1009 201.836
1010 202.034
1011 202.233
1012 202.431
1013 202.629
1014 202.827
1015 203.025
1016 203.223
1017 203.42
1018 203.618
1019 203.815
1020 204.012
1021 204.209
1022 204.406
1023 204.603
